51.081 1315.969
385.368 6689.62
540.22 1184.739
622.242 1345.081
1258.37 679.749
1983.81 3336.03
2297.36 2577.313
2886.62 8769.757
3080.82 3393.967
3366.26 4522.669
3720.52 661.172
3973.09 370.778
4810.02 1643.216
4861.23 919.587
4947.09 5476.804
5001.22 3815.376
5071.93 347.655
5399.91 4703.971
5653.9 1454.182
5796.78 2335.596
6299.25 1076.299
6320 508.601
6562.82 2051.793
6583.46 386.678
6624.68 932.933
6645.74 753.641
6666.79 824.203
6687.76 550.139
6728.65 602.347
6872.35 2928.413
15158.9 1038.487
15453.4 769.85
15497.9 3519.559
15639.6 1180.632
15935 1675.093
15955.5 257.718
16064.5 5405.309
16303.9 2394.59
19318.5 6691.37
19359.8 1065.928
19410.7 569.064
20155.6 1082.339
20965.5 4188.965
21100.8 1682.511
21388 4575.169
22091.3 794.892
22784.2 7624.627
23067.8 586.804
23153.4 5241.479
23255.6 1052.649
23464.1 1187.767
23484.9 517.325
24156.7 522.201
24177.6 751.616
24199.8 1907.51
24482.7 483.488
24864.8 970.426
25561.8 4955.949
25646.6 4390.923
25698.2 1310.456
25718.8 364.503
26111.7 439.941
26133.1 1139.264
26184.1 706.48
26603 3324.182
27703.6 3781.797
27836.4 2102.33
28592 287.469
28646.8 4610.406
28810.4 3042.663
28832.8 1768.99
28875.4 2344.55
29397.4 877.942
29880.7 898.863
29901.2 259.837
34811.3 272.505
34892.2 479.184
35212.7 895.583
35234.4 1459.063
35379.8 1529.514
36430.5 1674.809
36886.5 1790.039
37079.7 2432.959
37282.3 1832.712
38705.8 3532.622
38847.8 1491.178
39039.4 3015.615
39859.4 4188.496
39911.4 1671.029
40373.9 7682.321
41991 6286.387
42422.1 4441.637
42861.9 5781.623
43157.4 4466.669
43382.5 1284.198
43433.5 693.091
44493 2495.359
44655.8 1249.343
45140.2 1882.177
45191.5 999.613
45213 1235.759
45363.5 383.183
45384 275.042
45406 1762.222
45567.4 628.813
45792.7 2004.014
45876.2 3111.609
46729.3 3693.713
48614.6 6315.304
49287.2 224.833
59191.8 3747.586
61333.1 7972.771
