-24.76 215.641
-4.358 218.232
16.134 227.836
36.507 196.609
77.053 250.884
157.746 274.945
228.242 150.899
278.642 134.018
319.146 233.468
339.489 167.539
359.836 219.295
380.183 191.589
480.736 165.783
501.175 299.287
551.603 197.216
879.057 269.567
929.912 676.272
950.215 168.864
1060.7 145.097
1292.2 160.9
1503.22 328.869
1704.01 173.218
2015.22 198.817
2145.86 220.596
2246.35 170.904
2517.45 339.628
2621.07 2282.663
2661.47 219.473
2795.27 1598.42
2956.94 185.688
2977.22 179.872
3110.72 3111.038
3595.42 211.772
3646.38 785.564
3717.19 232.791
3948.59 324.115
4331.37 121.84
4401.97 327.868
