185.843 220.38
430.292 153.76
536.411 134.907
770.895 170.783
791.633 262.756
1119.85 223.793
1480.75 274.341
1807.81 132.793
1878.92 312.822
1991.04 223.488
2157.41 272.541
2239.32 286.02
2321.64 235.802
2453.01 240.202
2473.51 252.274
3336.95 568.887
3878.68 234.799
3989.41 284.293
4482.51 147.364
5062.24 237.832
5175.09 395.734
5286.59 396.188
5370.55 219.589
5411.09 250.17
5473.08 251.812
5587.82 258.731
5854.06 199.612
6069.55 149.844
6090.25 149.695
6173.53 730.317
6234.78 262.724
6296.78 261.82
6368.02 265.887
6576.89 233.455
7424.21 264.211
