72.433 885.433
153.631 575.749
504.492 393.413
545.704 468.718
596.524 433.336
800.9 470.01
1129.1 496.917
1232.48 471.149
1314.65 562.57
1335.33 451.457
1386.21 526.054
1448.69 495.797
1520.26 629.669
1612.23 785.476
1713.82 466.928
1888.07 390.39
1958.91 408.744
2041.79 498.686
2062.54 507.277
2207.16 494.785
2959.66 574.081
3121.97 558.814
3184.22 399.262
4450.64 1334.179
4551.9 425.325
4704.75 453.764
4948.86 1170.567
5101.48 437.307
5316.72 521.642
5420.33 508.453
5441.09 527.316
5597.08 512.867
5730.19 554.73
5933.93 391.853
6336.03 442.828
6670.39 1392.144
6734.02 1729.192
7290.97 400.605
7433.52 533.436
