431.596 32.58
580.894 30.51
7413.08 15.01
7725.12 15.02
8586.17 14.61
10774.5 14.43
11226.2 14.26
11413.4 14.17
11837.6 14.16
11975.1 14.10
12274.9 13.94
13337.5 13.66
14277.4 13.32
14565.1 13.23
17232.1 14.98
17530.8 14.97
22462.9 15.83
22740.2 15.98
23123.8 16.19
23289.9 16.21
23587.4 16.36
23977.9 16.59
24117.9 16.56
24623.1 16.91
25367.8 17.27
25494.3 17.34
25669.4 17.43
25787.6 17.56
26103 17.63
26277.6 17.73
26446.9 17.71
27010.6 17.92
28214.2 18.37
28359.4 18.38
31373.9 18.83
33038.5 18.90
33323.7 18.92
35590.1 18.75
36153.6 19.04
37343.7 19.23
37824 19.22
37945.8 19.23
38096.3 19.27
38267.4 19.27
38409.5 19.26
38548.8 19.29
39611.6 19.41
39900.4 19.38
40040.4 19.39
40350.2 19.40
40676.5 19.50
40802.4 19.58
41091.2 19.66
41240 19.67
41539.7 19.65
42959.9 19.68
43042.3 19.73
43996.5 19.90
44282.5 19.90
44539.6 19.90
44870.9 19.84
45456.1 19.91
45935.1 19.96
46062.8 20.02
46188.2 20.11
46497.5 20.09
46647.8 20.12
47104.7 20.22
47248 20.23
47436.8 20.23
47702.8 20.29
47847 20.36
48211.7 20.48
48314.2 20.46
48465 20.50
48590.1 20.54
48737.6 20.53
48887.5 20.53
49079.8 20.55
49192.7 20.54
49341.1 20.55
50450.6 20.51
51893.9 20.29
52040.8 20.29
52364.4 20.35
53414.9 20.19
54585.9 20.13
55670.5 19.99
55822.5 19.98
56890.6 19.97
58361.7 20.03
58498 20.05
58991 20.02
60013.4 20.00
60299.1 19.99
