151.789 61.6567
301.712 99.2029
451.623 121.938
601.601 160.988
751.59 184.44
901.568 214.753
1051.82 243.601
1201.54 292.696
1351.55 321.127
1501.53 366.672
1651.4 407.235
1801.4 434.497
1951.39 453.113
2101.37 487.938
2251.48 509.284
2401.39 540.312
2551.34 577.114
2701.46 620.796
2851.32 663.786
3001.19 727.489
3151.18 761.955
3301.17 798.224
3451.16 824.137
3601.53 834.114
3751.14 848.509
3901.3 852.044
4051.37 867.804
4201.11 872.15
4350.99 884.992
4500.99 923.602
4650.96 951.586
4800.96 988.037
4951.09 1012.99
5100.94 1077.32
5250.93 1118.45
5400.98 1163.37
5550.91 1205.66
5700.79 1258.73
5851.15 1284.91
6000.76 1324.97
6150.76 1347.02
6300.75 1394.99
6450.76 1432.07
6600.85 1501.03
6750.73 1551.32
6900.71 1623.05
7050.59 1679.45
7200.56 1702.21
7350.57 1737.67
7500.55 1777.63
