233.028 555.073
385.32 816.57
531.161 1076.88
680.243 1350.96
830.332 1447.77
1002.42 1854.28
1182.52 1993.02
1282.95 2016.8
1515.16 2220.93
1598.28 2283.3
1764.84 2440.77
1902.79 2519.68
2030.38 2825.07
2186.49 2959.64
2330.7 3038.76
2479.65 3145.19
2675.5 3350.26
2779.59 3630.71
2929.55 3868.76
3080.82 4109.2
3259.22 4266.97
3381.32 4299.01
3563.77 4370.6
3680.27 4502.45
3834.1 4725.15
3979.17 4801.26
4129.51 4809.22
4279.59 5045.64
4429.05 5168.7
4583.16 5389.8
4736.86 5391.5
4879.45 5436.69
5029.66 5634.22
5195.9 5804.87
5330.08 6162.64
5514.79 6396.05
5628.89 6474.34
5778.85 6539.35
5930.95 6615.38
6087.03 6869.83
6237.12 6949.4
6378.84 7065.21
6535.14 7159.9
6687.64 7230.67
6828.23 7227
6999.3 7466.86
14683.1 9541.08
14775.8 9601.3
14927.5 9825.27
15075.7 9977.1
15226.8 10360.3
15385.1 10708.1
15525.6 10759.2
15675.2 10947.6
15827.3 11205.7
15975.5 11339.4
16125.6 11465.3
16275 11747.3
16445.9 12018.6
19138.1 14089.5
19300.4 14301.6
19424.3 14393.4
19575 14552
19724.8 14722.6
19874.4 14798.5
20024.1 15054.1
20174.2 15191.2
20346.3 15467.2
20494.6 15678.4
20623.6 15789.4
20773.7 16116.2
20940.1 16308.2
21073.7 16488.1
21243.3 16582.5
21392.4 16750.3
21523.3 16749.4
21673.2 16996.1
21846.8 17132.3
21996.3 17368.3
22124.9 17602.5
22292.9 17696.1
22452.1 17903.3
22589.4 18012.8
22723.5 18242.4
22878.2 18394.1
23025.3 18650.5
23176.3 18717.2
23339.9 18947.4
23473 19097.7
23646.9 19324.2
23785 19551.2
23947.7 19742.5
24093.4 20021.6
24222.3 20056.1
24391.8 20269.6
24525.3 20601.2
24692.6 20875.1
24831.6 21111.8
24996 21206.6
25130 21380.6
25292.8 21579.8
25443.3 21845.6
25573.4 22110.8
25721.9 22439.8
25873.6 22696.3
26023.4 22983.9
26199.9 23124.1
26375.3 23532
26518.8 23660.1
26649.9 23809.1
26805.2 24076.4
26950.4 24239.2
27101.5 24391.3
27252.2 24657.8
27399.5 24824
27560 25217.4
27703.5 25398.5
27849.6 25749.8
27999.2 25955.3
28149.2 25993
28299.2 26114.5
28449.1 26252.8
28601.1 26599
28752.8 26757.4
28900.3 27016
29049.4 27347.1
29201 27402.2
29348.8 27611.3
29499.2 27770.6
29667.3 27893.2
29809.4 28098.3
29949.1 28176.1
30116.2 28369.5
34762.1 31723.9
34897.2 31910
35067.6 32150
35205 32275.9
35347.2 32554.8
35500 32610.3
35649.9 32790.8
35812.9 32983.7
35946.9 33366
36137.5 33607.8
36247.6 33906
36422.8 34244.7
36575.4 34388.2
36697.1 34502.6
36848.6 34645
36996.5 34850.7
37159.7 35138.3
37296.5 35267.6
37448.6 35321.5
37598.3 35462.7
37746.2 35556.9
37923.4 35723.9
38073.3 35842.2
38223.1 36097.9
38379.2 36245.3
38518.7 36400.1
38677.9 36573.8
38796.3 36755.7
38946.9 36945.1
39095.5 37086
39245.5 37228.3
39400 37374.8
39573 37586.5
39697.9 37800.3
39859.3 38001.9
40032.3 38094.7
40145.3 38178.2
40295.2 38369.1
40454.6 38569.5
40595.9 38752.9
40745 39066.3
40895.2 39357.6
41048.1 39677.1
41200.5 39873.9
41381.6 40173.3
41522.3 40284.9
41645.9 40404.9
41794.6 40624.4
41968.9 40793.8
42118.1 40938.8
42252.3 41170.6
42412.4 41326.6
42552.4 41565.2
42724.8 41707.9
42860.5 41711.8
43015.5 42017.5
43145 42273.5
43297.7 42604.9
43445.6 42985.1
43746.1 43203.7
43915 43396.8
44046.3 43500.2
44216.9 43668.6
44364.5 43761.2
44495 43889.8
44644.5 43930.2
44793.9 44077.2
44952.6 44098.5
45119.2 44370.2
45243.5 44492.5
45394 44667.7
45545.2 44789.2
45717 44985.6
45845.1 45111.6
46029.1 45403.1
46148.6 45604.1
46298.3 45890.9
46443.3 46285.4
46602.3 46332
46744 46529
46894.5 46763.2
47203.1 47212.5
47368.3 47548.3
47570.5 47779.8
47682.3 47920.7
47806.9 48160.7
47979.7 48680.2
48094.7 48970
48243.3 49381.8
48395.5 49566.7
48543.2 49834.5
48748.5 50279.2
48875.6 50439.6
49002.4 50570.4
49157.1 50907.1
49292.7 51077.1
49442.1 51291.3
49592.3 51476.8
49742.1 51632.3
49923.9 51851
50179.4 51995.9
50342.4 52134.6
50386.8 52120.1
51198.4 52898.2
51762.7 53170.6
51949 53299.7
52006.7 53327.7
52173.7 53467.6
55180 55886.3
55360.8 55969.8
55650.7 56162.7
55915 56328.8
55949.2 56329.6
56061 56408.6
56358.7 56741.9
56376.8 56658.7
56607.9 56823
56659.3 56738.6
56870.1 57017.9
56949.7 57029.4
57105 57185
57251.2 57468.8
57400.3 57687.3
57560.8 57917.6
57992.8 58248
58747.4 59111.6
59191.8 59416.7
59392.5 59796.3
59582.3 59987.5
60156.9 60457.7
60552.2 60891.3
60727.9 61140.9
60998.4 61303.4
61303.5 61536.4
61964.7 62051.5
62093.1 62217.2
