162.784 28.1291
313.167 34.3857
462.88 45.8251
611.958 60.2167
761.953 68.5758
912.486 73.9114
1065.45 81.1871
1212.52 98.9414
1363.03 108.77
1512.61 114.353
1661.8 127.626
1812.12 133.734
1962.34 140.111
2112.47 147.028
2262.2 154.735
2432.34 164.912
2561.68 181.367
2711.67 188.732
2862.3 202.651
3013.65 215.175
3163.72 231.584
3311.62 250.359
3514.13 278.319
4454.95 358.178
4514.2 373.775
4661.3 385.956
4811.58 392.625
4961.79 401.905
5114.29 423.463
5264.41 435.893
5412.28 444.89
5562.57 463.919
5711.11 483.16
5869.76 503.625
6011.16 519.365
6161.2 528.631
6311.17 537.712
6462.44 554.478
6611.68 567.282
6761.95 588.289
6911.68 605.463
7061.65 627.074
7211.68 631.743
7361.93 649.322
7511.06 662.476
7662.15 671.204
