830.73 22.72
1659.09 21.58
1879.69 21.77
2240.84 22.99
2897.19 21.99
3272.86 21.85
3821.84 21.57
4385.07 21.46
5696.75 21.59
6134.13 21.56
7092.81 20.19
7896.72 19.34
8147.52 19.34
8382.97 19.16
9584.42 18.37
10459.4 17.42
12335 16.30
13322.5 15.87
13835.8 15.69
15778.3 16.96
16090.8 16.96
17342 17.15
17342.1 17.17
18309.9 17.11
19694.7 17.24
19737.5 17.53
21159.9 17.94
22439.2 18.09
22439.3 18.29
22478.4 18.35
23464.5 18.58
23742.4 18.64
24290.3 18.95
24331.3 18.93
24762.5 19.02
25224.6 19.28
25681.9 19.41
26259 19.56
26619.3 19.68
27330.5 19.72
27998.4 19.99
28036.4 20.07
29237.1 20.18
30079.3 20.30
30204.1 20.25
30628.2 20.19
30752.9 20.09
31457.6 20.09
31770.2 20.11
32584.1 19.99
32695.1 19.99
34810.3 19.76
35215 19.84
35651.6 20.09
36259.3 20.13
36845.2 20.19
37454.7 20.16
37571.1 20.20
37708.2 20.21
38488.2 20.29
39145.4 20.34
39722.9 20.32
40518.1 20.49
40751 20.60
40975.3 20.58
41389.5 20.60
41636.8 20.64
42337.5 20.67
42403.3 20.73
43091.8 20.85
43918.2 20.83
43967.3 20.79
44730.3 20.79
45169.4 20.83
45311.8 20.83
45661.3 20.99
45913 20.98
46530.8 21.05
46924 21.12
47074.5 21.19
47229.8 21.25
47360.8 21.33
48051.7 21.38
48115 21.48
48495.8 21.53
48539.6 21.53
48791.5 21.56
49505.6 21.50
49748.5 21.49
50173.2 21.41
51565 21.25
53781.8 21.30
53996.3 21.15
55074.1 21.08
56082.3 20.85
57436.3 20.86
58669.1 20.89
59320.1 20.86
60403 20.75
