166.077 7.33
316.203 4.05
465.832 3.22
615.815 2.71
765.815 2.41
915.783 2.10
1075.95 1.97
1215.76 2.01
1365.74 1.92
1515.74 1.77
1665.6 1.76
1815.58 1.68
1965.59 1.62
2115.57 1.55
2265.56 1.51
2416.3 1.44
2565.54 1.51
2715.54 1.51
2865.55 1.54
3015.39 1.54
3165.39 1.56
3316.88 1.55
3467.74 1.59
4515.18 1.56
4665.18 1.56
4815.16 1.53
4965.15 1.52
5115.27 1.53
5265.13 1.55
5415.12 1.53
5565.11 1.57
5714.98 1.57
5864.98 1.58
6014.97 1.57
6164.96 1.56
6315.2 1.55
6464.94 1.55
6614.92 1.55
6765.04 1.57
6914.91 1.59
7064.78 1.60
7214.77 1.58
7364.76 1.59
7514.75 1.59
7664.74 1.59
