175.59 34.84
323.746 36.70
490.355 33.54
665.762 31.59
773.468 31.08
923.802 27.80
1080.12 29.20
1239.46 26.56
15195.3 10.20
15321 10.54
15487.7 10.66
15635.2 10.63
15776 10.77
15936.6 10.92
16068.3 10.91
16227.4 10.96
16386.9 11.20
16562.8 11.30
16668.1 11.35
16818 11.59
16987.7 11.52
17132.8 11.53
17287 11.66
17433.1 11.56
17584.3 11.50
17723.9 11.48
17883.5 11.66
18018 11.57
18168.1 11.57
18338.9 11.55
18484.6 11.56
18626.4 11.48
18786.8 11.51
18920.1 11.49
19067.6 11.43
19217.3 11.45
19408.9 11.51
19525.6 11.53
19685.8 11.56
19817.8 11.61
19973.4 11.61
20137.7 11.72
20267.6 11.78
20434.4 11.83
20566.9 11.90
20726.9 11.98
20867.2 12.07
21016.9 12.11
21187.6 12.17
21319.7 12.14
21484.3 12.19
21617.7 12.14
21787.8 12.24
21951.8 12.22
22068.9 12.32
22516.7 12.44
22666.6 12.44
22836.6 12.53
22979.5 12.55
23131.6 12.65
23266.3 12.67
23436.7 12.71
23585.6 12.74
23754.6 12.75
23866.6 12.86
24015.9 12.87
24182.6 12.98
24335.8 12.93
24467.3 13.00
24631.1 13.10
24782.8 13.19
24933.2 13.27
25107 13.24
25221 13.31
25383.1 13.31
25516 13.43
25703.5 13.48
25830.8 13.63
25997.9 13.67
26114.9 13.78
26293.1 13.79
26462.5 13.91
26594.1 13.90
26757.7 13.95
26893.9 14.05
27061.6 14.04
27193.9 14.04
27360.5 14.15
27508.7 14.13
27661.3 14.34
27793.1 14.35
27957.2 14.47
28101.2 14.50
28258.8 14.43
28397.1 14.43
28545.8 14.47
28707.4 14.54
28844.5 14.57
29009.7 14.67
29142.7 14.73
29334.9 14.68
29460.4 14.73
29593.3 14.72
29755.8 14.70
29925.3 14.74
30063.6 14.71
30363.3 14.84
30508.5 14.87
30681.1 14.86
30792.3 14.86
30959.7 14.85
31110.5 14.80
31283.3 14.75
31407.8 14.76
31559 14.69
31696.2 14.76
31841.5 14.70
31993.5 14.65
32159 14.69
32307.7 14.71
32441.3 14.65
32611 14.64
32761.8 14.58
32910.4 14.56
33040.9 14.58
33208 14.58
33356.5 14.56
33490.6 14.58
33658.8 14.56
33810.1 14.53
33957.5 14.50
34111.8 14.46
34256.2 14.39
34407.9 14.35
34547 14.33
34705.6 14.34
34875.8 14.28
34990.4 14.35
35157 14.34
35308.1 14.39
35455.3 14.40
35590.8 14.37
35740.2 14.39
35899.3 14.42
36041.6 14.56
36361.2 14.68
36531.1 14.75
36660 14.72
36805.4 14.72
36940.7 14.74
37122.9 14.76
37241.5 14.83
37397.3 14.83
37558.2 14.81
37839.2 14.80
38009 14.79
38176.5 14.78
38320.8 14.85
38439.3 14.84
38596.1 14.85
38764.6 14.85
38903.2 14.92
39039.4 14.93
39204.2 14.92
39339.3 14.93
39510.8 14.95
39650.5 14.94
39808.7 14.98
39953.9 14.98
40089 14.95
40239.4 14.94
40391.5 14.96
40554 14.98
40856.4 15.10
40988.3 15.14
41138.3 15.19
41298.2 15.22
41453.2 15.26
41607.8 15.25
41738.1 15.25
41905.1 15.28
42057.8 15.27
42202.9 15.31
42337.6 15.31
42503.3 15.31
42658.5 15.35
42792.9 15.34
42939.1 15.29
43089.2 15.35
43242.5 15.41
43408.3 15.50
43544.6 15.57
43703.9 15.58
43837.5 15.53
44012.9 15.54
44157 15.53
44292 15.53
44457.2 15.52
44606.9 15.54
44736.8 15.50
44904.8 15.49
45054.4 15.44
45206.3 15.49
45354 15.50
45506.5 15.51
45677.5 15.48
45830.4 15.50
45952.2 15.50
46088.1 15.53
46253.7 15.58
46392.1 15.65
46551.1 15.70
46689.1 15.67
46851 15.69
47008.3 15.75
47154.9 15.75
47288.1 15.77
47435.9 15.81
47588.2 15.85
47736.9 15.85
47886.9 15.89
48037.1 16.00
48185.7 16.06
48353 16.12
48529.1 16.12
48637.8 16.19
48785.4 16.24
48938.6 16.23
49085.8 16.27
49237.7 16.29
49386.1 16.31
49549.9 16.32
49685.4 16.33
49855 16.33
49986.4 16.33
50154.6 16.29
50285 16.27
50435.4 16.25
50602.2 16.22
50735.1 16.21
50887.6 16.20
51047.4 16.20
51184.7 16.17
51344.8 16.13
51495.2 16.12
51656.2 16.08
51800.9 16.05
51934.4 16.02
52100.1 16.00
52244.2 16.00
52386 16.06
52534.2 16.07
52704.3 16.07
52984.3 16.03
53154.2 16.03
53299.8 16.04
53451.8 16.02
53599.2 16.00
53742.2 15.95
53903.3 15.95
54048.6 15.96
54184 15.96
54348.2 15.94
54500.6 15.93
54650.5 15.92
54783.4 15.89
54953.5 15.85
55100.9 15.84
55703.5 15.72
55849.9 15.71
55984.5 15.69
56133.6 15.67
56301.1 15.68
56449.5 15.64
56585.3 15.62
56733.3 15.57
56902.1 15.59
57047.8 15.57
57184 15.58
57332.9 15.61
57483.9 15.64
57632.5 15.64
57783 15.62
57932.8 15.59
58099.4 15.58
58249.2 15.57
58397.6 15.58
58548.7 15.54
58685.7 15.56
58853.3 15.58
59000.7 15.56
59132 15.52
59285.2 15.51
59452.9 15.56
59597.9 15.56
59731.7 15.56
59881.7 15.54
60051.4 15.50
60183.6 15.48
60346.3 15.49
60481.8 15.46
60632 15.47
60798.6 15.45
60951.7 15.43
61089.3 15.41
61247 15.40
61381.6 15.37
61548.7 15.34
61690.5 15.34
61848.7 15.30
61981.5 15.29
62146.4 15.29
