233.028 39.70
385.32 35.32
531.161 33.79
680.243 33.10
830.332 29.06
1002.42 30.83
1182.52 28.09
1282.95 26.20
1515.16 24.43
1598.28 23.81
1764.84 23.05
1902.79 22.07
2030.38 23.19
2186.49 22.56
2330.7 21.73
2479.65 21.14
2675.5 20.87
2779.59 21.77
2929.55 22.01
3080.82 22.23
3259.22 21.82
3381.32 21.19
3563.77 20.44
3680.27 20.39
3834.1 20.54
3979.17 20.11
4129.51 19.41
4279.59 19.65
4429.05 19.45
4583.16 19.60
4736.86 18.97
4879.45 18.57
5029.66 18.67
5195.9 18.62
5330.08 19.27
5514.79 19.33
5628.89 19.17
5778.85 18.86
5930.95 18.59
6087.03 18.81
6237.12 18.57
6378.84 18.46
6535.14 18.26
6687.64 18.02
6828.23 17.64
6999.3 17.78
14683.1 10.83
14775.8 10.83
14927.5 10.97
15075.7 11.03
15226.8 11.34
15385.1 11.60
15525.6 11.55
15675.2 11.64
15827.3 11.80
15975.5 11.83
16125.6 11.85
16275 12.03
16445.9 12.18
19138.1 12.27
19300.4 12.35
19424.3 12.35
19575 12.39
19724.8 12.44
19874.4 12.41
20024.1 12.53
20174.2 12.55
20346.3 12.67
20494.6 12.75
20623.6 12.76
20773.7 12.93
20940.1 12.98
21073.7 13.04
21243.3 13.01
21392.4 13.05
21523.3 12.97
21673.2 13.07
21846.8 13.07
21996.3 13.16
22124.9 13.26
22292.9 13.23
22452.1 13.29
22589.4 13.29
22723.5 13.38
22878.2 13.40
23025.3 13.50
23176.3 13.46
23339.9 13.53
23473 13.56
23646.9 13.62
23785 13.70
23947.7 13.74
24093.4 13.85
24222.3 13.80
24391.8 13.85
24525.3 14.00
24692.6 14.09
24831.6 14.17
24996 14.14
25130 14.18
25292.8 14.22
25443.3 14.31
25573.4 14.41
25721.9 14.54
25873.6 14.62
26023.4 14.72
26199.9 14.71
26375.3 14.87
26518.8 14.87
26649.9 14.89
26805.2 14.97
26950.4 14.99
27101.5 15.00
27252.2 15.08
27399.5 15.10
27560 15.25
27703.5 15.28
27849.6 15.41
27999.2 15.45
28149.2 15.39
28299.2 15.38
28449.1 15.38
28601.1 15.50
28752.8 15.51
28900.3 15.58
29049.4 15.69
29201 15.64
29348.8 15.68
29499.2 15.69
29667.3 15.67
29809.4 15.71
29949.1 15.68
30116.2 15.70
34762.1 15.21
34897.2 15.24
35067.6 15.28
35205 15.28
35347.2 15.35
35500 15.31
35649.9 15.33
35812.9 15.35
35946.9 15.47
36137.5 15.50
36247.6 15.59
36422.8 15.67
36575.4 15.67
36697.1 15.67
36848.6 15.67
36996.5 15.70
37159.7 15.76
37296.5 15.76
37448.6 15.72
37598.3 15.72
37746.2 15.70
37923.4 15.70
38073.3 15.69
38223.1 15.74
38379.2 15.74
38518.7 15.75
38677.9 15.76
38796.3 15.79
38946.9 15.81
39095.5 15.81
39245.5 15.81
39400 15.81
39573 15.83
39697.9 15.87
39859.3 15.89
40032.3 15.86
40145.3 15.85
40295.2 15.87
40454.6 15.89
40595.9 15.91
40745 15.98
40895.2 16.04
41048.1 16.11
41200.5 16.13
41381.6 16.18
41522.3 16.17
41645.9 16.17
41794.6 16.20
41968.9 16.20
42118.1 16.20
42252.3 16.24
42412.4 16.24
42552.4 16.28
42724.8 16.27
42860.5 16.22
43015.5 16.28
43145 16.33
43297.7 16.40
43445.6 16.49
43746.1 16.46
43915 16.47
44046.3 16.46
44216.9 16.46
44364.5 16.44
44495 16.44
44644.5 16.40
44793.9 16.40
44952.6 16.35
45119.2 16.39
45243.5 16.39
45394 16.40
45545.2 16.39
45717 16.40
45845.1 16.40
46029.1 16.44
46148.6 16.47
46298.3 16.52
46443.3 16.61
46602.3 16.57
46744 16.59
46894.5 16.62
47203.1 16.67
47368.3 16.73
47570.5 16.74
47682.3 16.75
47806.9 16.79
47979.7 16.91
48094.7 16.97
48243.3 17.06
48395.5 17.07
48543.2 17.11
48748.5 17.19
48875.6 17.20
49002.4 17.20
49157.1 17.26
49292.7 17.27
49442.1 17.29
49592.3 17.30
49742.1 17.30
49923.9 17.31
50179.4 17.27
50342.4 17.26
50386.8 17.24
51198.4 17.22
51762.7 17.12
51949 17.10
52006.7 17.09
52173.7 17.08
55180 16.88
55360.8 16.85
55650.7 16.82
55915 16.79
55949.2 16.78
56061 16.77
56358.7 16.78
56376.8 16.75
56607.9 16.73
56659.3 16.69
56870.1 16.71
56949.7 16.69
57105 16.69
57251.2 16.73
57400.3 16.75
57560.8 16.77
57992.8 16.74
58747.4 16.77
59191.8 16.73
59392.5 16.78
59582.3 16.78
60156.9 16.75
60552.2 16.76
60727.9 16.78
60998.4 16.75
61303.5 16.73
61964.7 16.69
62093.1 16.70
