155.798 22.8088
305.668 33.1955
456.375 44.0858
605.609 57.4117
755.589 68.003
905.584 76.0691
1055.57 93.7343
1205.55 148.283
1355.55 160.226
1505.53 173.437
1655.4 186.729
1805.38 194.981
1955.38 204.142
2105.62 213.51
2255.36 223.28
2405.89 233.853
2571.21 266.891
2705.71 295.463
2855.7 311.842
3005.18 328.166
3155.43 344.573
3308.18 361.254
3455.53 381.491
4419.61 458.756
4504.98 473.023
4655.44 483.235
4804.97 492.99
4954.95 502.432
5104.95 523.768
5254.93 539.156
5404.93 548.06
5554.91 563.268
5705.17 575.081
5854.77 590.161
6005.08 601.709
6154.75 613.013
6304.74 624.17
6454.73 642.892
6604.73 657.831
6754.72 676.823
6904.7 695.994
7054.57 715.334
7204.56 726.22
7354.68 741.352
7504.54 751.955
