701.248 496
963.379 498
2853.69 508
3083.19 520
4797.32 534
5607.37 539
6120.72 646
7307.6 660
11232.5 678
12743.2 713
12984.3 716
14049 716
14049 717
14187.1 719
14235 730
17737.9 761
19144.5 768
19243.2 779
19904.3 785
20195.7 787
20391.9 790
21059.3 793
24460 827
25030.5 835
26722.8 854
27489.9 855
27920.5 863
29038.3 877
29416.9 880
30805.4 896
31542.7 897
32712.2 909
32983.7 917
33698.2 926
34238.2 930
34688.2 932
35431.3 941
35562.8 946
36096.5 951
36405.7 952
36429 955
37662.3 955
39071.7 981
40687.5 995
43004.7 1019
46363.3 1055
48079.5 1072
49284.5 1082
50977.5 1101
51792.1 1109
52501.9 1112
53294.1 1122
55606.1 1147
56158.8 1150
56401.1 1156
