470.934 63
583.91 64
7775 190
8788.26 229
9086.84 232
9224.45 233
9837.18 239
10274.1 246
11600.7 264
12212.1 278
12837 284
14153.1 298
14362.6 299
14778.2 304
15215.8 308
18531 344
18657.8 346
22802.8 392
22927.3 393
23539.9 401
23665.5 403
23791.3 404
25994.6 428
26108.7 429
26461.1 432
26948 437
27072.7 438
27262.3 440
27825.8 456
28137.6 459
28263.3 461
28763.8 465
29150.9 469
29327.4 471
29473.9 473
29938.6 477
30281 480
30968.8 488
31958.3 497
32397.2 502
33976.5 518
35679 540
36090.8 545
36802.8 552
37275.5 557
38317.2 590
38484.7 591
38612.8 593
39190.8 599
39724.8 604
39974.8 607
40046.6 607
40745.8 642
40853.6 643
41289.6 648
41478.2 650
41641.8 651
41790.2 652
42988.8 691
43051.7 691
43621.7 700
44370.7 709
44483 711
44543.7 711
46079 728
46195.3 729
46555.7 732
47121.4 738
47299.4 740
47465.5 742
47929.9 746
48057.8 747
48216 749
48368.8 751
48482 752
48592.1 755
48740.9 756
48897.4 758
49088.2 760
49196.9 761
50481 774
50625.2 775
51428.5 780
51502.2 785
51829.6 788
51941.3 789
52141 801
53632.5 817
53758.7 818
54509.5 827
57063.6 867
58540.7 881
58993.7 886
59644 892
59807.3 894
61172.1 907
62010.6 930
