79.567 0.0
243.589 0.9166666666666666
389.656 0.9375
539.12 0.95
687.83 0.9583333333333334
837.543 0.9642857142857143
1009.88 0.96875
1210.72 0.9722222222222222
1312.55 0.975
1521.25 0.9772727272727273
1612.23 0.9791666666666666
1782.81 0.9807692307692307
1949.55 0.9821428571428571
2039.25 0.9833333333333333
2195.86 0.984375
2352.17 0.9852941176470589
2494.76 0.9861111111111112
2696.21 0.9868421052631579
2794.94 0.9875
2968.52 0.9880952380952381
3123.01 0.9886363636363636
3275.7 0.9891304347826086
3396.79 0.9895833333333334
3604.37 0.99
3689.97 0.9903846153846154
3842.43 0.9907407407407407
3987.03 0.9910714285714286
4154.48 0.9913793103448276
4300.32 0.9916666666666667
4459.4 0.9919354838709677
4587.88 0.9921875
4745.71 0.9924242424242424
4924.69 0.9926470588235294
5038.77 0.9928571428571429
5239.09 0.9930555555555556
5335.22 0.9932432432432432
5521.77 0.993421052631579
5634.37 0.9935897435897436
5787.24 0.99375
5958.29 0.9939024390243902
6090.76 0.9940476190476191
6249.51 0.9941860465116279
6385.82 0.9943181818181818
6560.15 0.9944444444444445
6693.61 0.9945652173913043
6832.21 0.9946808510638298
7008.29 0.9947916666666666
14682.8 0.49489795918367346
14731.9 0.5
14793.4 0.505
14955 0.5099009900990099
15137.2 0.5147058823529411
15239.2 0.5194174757281553
15390.9 0.5240384615384616
15531.1 0.5285714285714286
15681.2 0.5330188679245284
15831.1 0.5373831775700935
15982.3 0.5416666666666666
16137.4 0.5458715596330275
16279 0.55
16454.5 0.5540540540540541
19146.2 0.4844961240310077
19324 0.48846153846153845
19433.4 0.49236641221374045
19585 0.4962121212121212
19730.7 0.5
19880.9 0.503731343283582
20026.4 0.5074074074074074
20191.6 0.5110294117647058
20351.4 0.5145985401459854
20498.4 0.5181159420289855
20632.1 0.5215827338129496
20777.4 0.525
20944.6 0.5283687943262412
21077.4 0.5316901408450704
21267.6 0.534965034965035
21396.2 0.5381944444444444
21533.2 0.5421686746987951
21680.2 0.5452991452991452
21862.7 0.5483870967741935
22032.2 0.551433389544688
22129.2 0.5544388609715243
22317.8 0.5574043261231281
22463.5 0.5603305785123966
22602.2 0.5632183908045977
22728.5 0.566068515497553
22906.3 0.5688816855753647
23028 0.571658615136876
23180.1 0.5744
23353.3 0.5771065182829889
23480.6 0.5797788309636651
23665.2 0.5824175824175825
23790.3 0.5850234009360374
23972 0.5875968992248062
24097.9 0.5901386748844376
24229.1 0.5926493108728943
24409 0.5951293759512938
24531.8 0.5975794251134644
24722.7 0.6
24834.7 0.6023916292974589
24999 0.6047548291233283
25160.2 0.6076696165191741
25317.8 0.6099706744868035
25459.3 0.6122448979591837
25612.4 0.6144927536231884
25725 0.6167146974063401
25883.1 0.6189111747851003
26034 0.6210826210826211
26222.9 0.623229461756374
26379.7 0.6253521126760564
26565.6 0.6274509803921569
26684.8 0.6295264623955432
26811 0.631578947368421
26956 0.6336088154269972
27104.4 0.6356164383561644
27260.4 0.6376021798365122
27407.2 0.6395663956639567
27567.3 0.6415094339622641
27746.3 0.6434316353887399
27853.6 0.6453333333333333
28006.3 0.6472148541114059
28151.7 0.6490765171503958
28323.4 0.6509186351706037
28459.6 0.6527415143603134
28606.6 0.6545454545454545
28768.4 0.6563307493540051
28915.2 0.6580976863753213
29057 0.659846547314578
29220.1 0.6615776081424937
29355.8 0.6632911392405063
29507.6 0.6649874055415617
29683.7 0.6666666666666666
29827.8 0.6683291770573566
29955.4 0.6699751861042184
34760.6 0.5838709677419355
34779.9 0.5856531049250535
34901.7 0.5874200426439232
35158.5 0.589171974522293
35214.1 0.5909090909090909
35350.9 0.5926315789473684
35513.4 0.5943396226415094
35679.9 0.5960334029227558
35879.2 0.5977130977130977
35962.3 0.5993788819875776
36169.5 0.6010309278350515
36269.7 0.6026694045174538
36434.3 0.6042944785276073
36584.9 0.6059063136456212
36704 0.6075050709939148
36858.2 0.6090909090909091
37042 0.6106639839034205
37169.6 0.6122244488977956
37300.3 0.6137724550898204
37451.5 0.6153081510934394
37687.5 0.6168316831683168
37749 0.6183431952662722
37948.8 0.6198428290766208
38087.7 0.6213307240704501
38239.9 0.6228070175438597
38400.1 0.6242718446601941
38564.4 0.625725338491296
38722.4 0.6271676300578035
38800.8 0.6285988483685221
38950.1 0.630019120458891
39098 0.6314285714285715
39250.6 0.6328273244781784
39417.3 0.6342155009451795
39579.9 0.635593220338983
39700.7 0.6369606003752345
39886.4 0.6383177570093458
40072.6 0.6396648044692738
40150.4 0.6410018552875696
40299.1 0.6423290203327172
40460.9 0.643646408839779
40613.4 0.6449541284403669
40750 0.6462522851919561
40902.5 0.6475409836065574
41056.3 0.6488203266787659
41229.7 0.6500904159132007
41397 0.6513513513513514
41527.3 0.6526032315978456
41649.5 0.6538461538461539
41796.7 0.6550802139037433
41977.4 0.6563055062166963
42125.6 0.6575221238938053
42264.4 0.6587301587301587
42416.5 0.6599297012302284
42557.9 0.6611208406304728
42728.4 0.662303664921466
42875 0.6634782608695652
43038.2 0.6646447140381283
43174 0.6660914581535806
43309.1 0.6672398968185727
43447.7 0.6683804627249358
43702.6 0.6686592655849701
43765.5 0.6697872340425531
43921.7 0.6709075487701441
44053.4 0.6720202874049028
44243.1 0.6731255265374895
44367.7 0.6742233417296389
44496.7 0.6753138075313807
44652 0.6763969974979149
44800.5 0.6774729842061513
44958.8 0.6785418392709196
45130 0.6796036333608588
45267.5 0.6806584362139918
45402.9 0.6817063166529943
45554.7 0.6827473426001636
45745.1 0.6837815810920945
45852.4 0.6848090982940699
46051.6 0.68582995951417
46163.7 0.6868442292171105
46314.2 0.6878519710378117
46449.5 0.6888532477947072
46615.8 0.6898481215027977
46748.9 0.6908366533864542
46933.5 0.6918189038919778
47169.4 0.6912114014251781
47211.4 0.6921862667719021
47443.6 0.6923682140047207
47597.6 0.6925490196078431
47724 0.6935105551211884
47833.9 0.6944660950896336
48040 0.6954156954156954
48106.1 0.6963594113090628
48346.1 0.6972972972972973
48416.6 0.6982294072363356
48559 0.6991557943207981
48860 0.7000765110941086
48899.1 0.7009916094584286
49011.2 0.7019011406844107
49231.9 0.7028051554207733
49301.5 0.7037037037037037
49473.7 0.7045968349660889
49597.1 0.7054845980465815
49761.2 0.7063670411985019
50089.2 0.707244212098581
50368.5 0.7060133630289532
50863.2 0.7044117647058824
50869.9 0.7045454545454546
51211.3 0.7039473684210527
51837.9 0.696685878962536
51987.9 0.6968390804597702
52041.6 0.6977077363896849
55192 0.6628378378378378
55650.5 0.6619623655913979
55674.7 0.6621983914209115
55964 0.662
56077.8 0.6628989361702128
56380.6 0.6633597883597884
56650.5 0.6629287598944591
56665.2 0.6638157894736842
56895.2 0.6646981627296588
56984.5 0.6655759162303665
57108.2 0.6664490861618799
57256.2 0.6673177083333334
57427.3 0.6681818181818182
57962 0.6662371134020618
58078.5 0.666452442159383
58741.5 0.660941475826972
59167 0.6590909090909091
59202.1 0.6599496221662469
59465 0.6608040201005025
60069.4 0.6616541353383458
60156.5 0.6573383084577115
60394.1 0.6575682382133995
60482.4 0.656559405940594
60514.2 0.6561728395061729
60555.5 0.6570197044334976
60956.3 0.6574754901960784
61281.8 0.6567073170731708
61650.6 0.6565533980582524
61964.4 0.6545893719806763
61971.2 0.655421686746988
