5.22 0.0
157.861 1.0
309.596 1.0
458.085 1.0
607.33 1.0
758.319 1.0
907.312 1.0
1057.55 1.0
1207.42 1.0
1357.4 1.0
1508.9 1.0
1657.02 1.0
1807.13 1.0
1957.37 1.0
2107.61 1.0
2257.36 1.0
2407.84 1.0
2573.21 1.0
2707.45 1.0
2857.57 1.0
3006.57 1.0
3156.93 1.0
3351.79 1.0
3472.91 1.0
4408.72 0.84
4424.97 0.8449612403100775
4506.72 0.849624060150376
4657.34 0.8540145985401459
4806.7 0.8581560283687943
4960.69 0.8620689655172413
5106.94 0.8657718120805369
5256.8 0.869281045751634
5407.04 0.8726114649681529
5557.78 0.8757763975155279
5707.52 0.8787878787878788
5856.52 0.8816568047337278
6006.76 0.884393063583815
6171.62 0.8870056497175142
6325.86 0.8895027624309392
6491.15 0.8918918918918919
6623.22 0.8941798941798942
6777.46 0.8963730569948186
6925.7 0.8984771573604061
7055.94 0.900497512437811
7206.18 0.9024390243902439
7356.68 0.9043062200956937
7506.29 0.9061032863849765
