273.514 0.0
472.258 0.8125
585.104 0.85
7795.47 0.11538461538461539
9114.52 0.11885245901639344
9247.58 0.125
9412.73 0.12698412698412698
10600.3 0.12323943661971831
11225.9 0.12666666666666668
12100.4 0.1419753086419753
12399 0.14759036144578314
12836.8 0.14825581395348839
13150 0.14772727272727273
13276.3 0.15168539325842698
13413.2 0.15555555555555556
13914.6 0.1532258064516129
14362.4 0.16145833333333334
14497.6 0.16237113402061856
14777.9 0.1691919191919192
14953.6 0.17
17231.4 0.15869565217391304
17981.7 0.16041666666666668
18431.3 0.16056910569105692
18530.8 0.16532258064516128
22552.5 0.14309484193011648
23123.5 0.1458670988654781
23587 0.151033386327504
23665.3 0.15481832543443919
23791 0.15698587127158556
24868.3 0.1593984962406015
24993.3 0.15994020926756353
25196.1 0.16023738872403562
25756.3 0.16231884057971013
25868.6 0.16570605187319884
25995.7 0.16905444126074498
27272.2 0.1821917808219178
27713.4 0.18059299191374664
28012.5 0.18266666666666667
28644.2 0.1866840731070496
28763.6 0.18831168831168832
29077.8 0.18766066838046272
29828.2 0.19047619047619047
30280.7 0.1925925925925926
31206.6 0.18944844124700239
31373.6 0.18973747016706444
31658.3 0.19030732860520094
31958.4 0.19086651053864168
32396.9 0.1905311778290993
35705 0.18553459119496854
35859.8 0.18580375782881003
35972.9 0.18607068607068608
37169.2 0.18712273641851107
37823.7 0.18811881188118812
37906.8 0.1903353057199211
38076.6 0.19155206286836934
38317 0.1949317738791423
38484.3 0.1970873786407767
38623.8 0.19922630560928434
38797.3 0.1994219653179191
39097.9 0.19980879541108987
39193.6 0.2019047619047619
39724.5 0.2024482109227872
39863 0.20356472795497185
39995.4 0.205607476635514
40051.8 0.2085661080074488
41038.3 0.2122040072859745
41164.3 0.21415607985480944
41978.2 0.21657754010695188
42990.3 0.21478260869565216
43053.7 0.21818181818181817
43621.4 0.21765209940017138
43794.6 0.21776259607173357
44529.4 0.21998320738874896
44544.9 0.22259414225941423
45132.8 0.22286661143330572
45417.9 0.2222222222222222
45586.2 0.22313371616078753
46147.9 0.2251012145748988
46211.4 0.22760290556900725
46734 0.22941646682653877
47074.6 0.22875297855440826
47134.2 0.23119556611243072
47314.8 0.23362273086029992
47467.2 0.23603461841070023
47702.4 0.23686274509803923
48103.8 0.23931623931623933
48237.3 0.24167312161115415
48383.8 0.244015444015444
48485.5 0.24634334103156275
48593.3 0.24865694551036072
48743.3 0.25095638867635806
48898.9 0.2532418001525553
49097.8 0.2555133079847909
49198.7 0.2577710386656558
50491.9 0.2566568047337278
50939.4 0.2565982404692082
52004.3 0.25646551724137934
53395.4 0.2535014005602241
53507.9 0.2541899441340782
53771.6 0.25555555555555554
55670.2 0.2506720430107527
55776.4 0.25134048257372654
56400.3 0.25
57065.1 0.2493455497382199
58497.7 0.24616368286445012
58541.9 0.24808673469387754
58996.2 0.24873417721518987
59371.9 0.24811083123425692
59807 0.248125
61199 0.24511002444987776
62012.3 0.24397590361445784
