522.097 0.0
1744.69 0.3488372093023256
2997.89 0.20689655172413793
3356.78 0.21978021978021978
3669.35 0.2222222222222222
4370.28 0.21495327102803738
5804.04 0.17791411042944785
12748.3 0.12244897959183673
14436.9 0.13178294573643412
16140.1 0.1288056206088993
19242.9 0.13441955193482688
19903.8 0.13457943925233645
20446.2 0.13793103448275862
22623.8 0.13166666666666665
23889.3 0.13333333333333333
23938.6 0.12732919254658384
24794.2 0.13233082706766916
27491.2 0.13592233009708737
29416.2 0.1371280724450194
30166.2 0.13788819875776398
30666 0.13885505481120586
33121.6 0.1423728813559322
33676.7 0.14285714285714285
33733.5 0.143646408839779
35570 0.15005246589716684
36096.2 0.15233160621761657
36405.5 0.15583075335397317
37662 0.15762538382804503
37662.6 0.1580020387359837
38686.7 0.15572967678746327
39071.5 0.15502392344497606
39635.5 0.15598086124401914
39822.8 0.15551366635249764
40358.5 0.15586854460093896
40906.4 0.155188246097337
42838.1 0.1555360281195079
43004.4 0.156195462478185
45724.5 0.15608919382504288
46406.4 0.15235008103727715
47150.2 0.15311004784688995
51151.6 0.15202952029520295
52502.8 0.1540130151843818
54757.6 0.15191637630662022
54804.4 0.15078821110349555
55605.8 0.15132924335378323
56410 0.15103127079174983
57955.2 0.15169660678642716
59120.5 0.14983922829581994
59180.6 0.1492063492063492
