1.93 0.0
153.112 1.0
302.721 1.0
452.835 1.0
602.582 1.0
752.574 1.0
902.809 1.0
1053.05 1.0
1203.04 1.0
1352.66 1.0
1502.77 1.0
1652.01 1.0
1802.26 1.0
1952.24 1.0
2102.61 1.0
2252.73 1.0
2402.59 1.0
2552.46 1.0
2702.58 1.0
2852.57 1.0
3002.43 1.0
3151.93 1.0
3301.91 1.0
3452.15 1.0
3602.52 1.0
3752.14 1.0
3902.26 1.0
4052.49 1.0
4202.11 1.0
4352.35 1.0
4504.72 1.0
4655.09 1.0
4801.95 1.0
4952.32 1.0
5101.93 1.0
5252.68 1.0
5403.66 1.0
5553.66 1.0
5705.52 1.0
5852.39 1.0
6001.76 1.0
6152.28 1.0
6302.24 1.0
6451.85 1.0
6601.98 1.0
6753.09 1.0
6902.08 1.0
7051.19 1.0
7201.18 1.0
7351.55 1.0
7501.54 1.0
