134.089 153.94
194.633 128.908
235.387 562.506
345.883 178.614
376.088 150.099
386.261 129.036
396.487 185.764
539.378 178.866
590.246 150.892
600.428 145.659
835.785 299.909
845.936 111.38
867.509 138.466
969.987 179.122
1276.07 188.388
1296.21 99.688
1316.45 192.777
1347.17 147.613
1448.01 159.669
1518.25 164.098
1549.43 109.755
1611.32 100.472
1835.59 168.506
1977.04 150.41
2007.17 98.552
2048.34 123.173
2119.49 170.949
2314.39 208.861
2395.74 180.861
2753.17 140.49
3039.38 95.194
3049.55 139.219
3243.07 107.939
3283.63 193.996
3367.04 106.887
3387.55 159.756
