84.727 1.76
159.749 1.69
234.766 1.70
309.772 1.54
385.228 1.51
460.243 1.57
535.287 1.82
610.299 1.91
685.32 1.94
760.327 1.97
835.333 2.05
910.317 2.08
985.331 2.10
1060.38 2.14
1135.37 2.14
1210.38 2.17
1285.42 2.17
1360.44 2.20
1435.45 2.19
1510.45 2.19
1585.47 2.22
1660.48 2.25
1735.5 2.27
1810.48 2.28
1885.53 2.28
1960.54 2.29
2035.55 2.29
2110.59 2.28
2185.57 2.30
2260.62 2.31
2335.62 2.30
2410.64 2.29
2485.66 2.30
2560.66 2.31
2635.68 2.30
2710.69 2.30
2785.73 2.31
2860.75 2.32
2935.77 2.33
3010.79 2.35
3085.8 2.34
3160.81 2.35
3235.85 2.35
3310.86 2.35
3385.87 2.37
3461.16 2.38
3536.17 2.37
3611.19 2.37
