79.776 12.8758
154.766 26.0007
229.816 38.747
304.877 54.3291
379.892 68.3806
454.812 82.6848
529.792 95.0447
605.425 108.613
680.273 124.898
755.328 139.585
830.309 151.947
905.278 168.382
980.335 181.754
1055.45 198.214
1130.48 212.304
1205.46 227.833
1280.4 243.533
1355.4 261.05
1430.57 274.67
1505.5 290.862
1580.58 307.264
1655.55 321.839
1730.57 334.346
1805.62 351.012
1883.04 367.193
1955.7 381.361
2030.89 393.586
2105.89 410.649
2180.85 426.574
2255.89 441.251
2330.82 454.51
2405.93 469.155
2481.03 483.8
2556.05 503.031
2630.94 517.77
