76.794 3.47
151.823 3.59
226.749 3.60
301.793 3.64
376.826 3.74
451.835 3.84
527.132 3.85
601.843 3.98
676.859 4.07
751.863 4.10
826.852 4.08
901.929 4.15
976.937 4.15
1051.98 4.17
1126.93 4.17
1201.97 4.25
1276.95 4.27
1351.98 4.31
1426.96 4.30
1502.02 4.35
1577.02 4.34
1652.46 4.37
1727.09 4.36
1802.2 4.37
1877.29 4.38
1952.11 4.41
2027.16 4.43
2102.2 4.44
2177.16 4.44
2252.42 4.45
2327.13 4.48
2402.24 4.49
2477.24 4.48
2552.26 4.50
2627.27 4.49
2702.22 4.50
2777.22 4.51
2852.27 4.50
2927.36 4.53
3002.68 4.54
3077.67 4.53
3152.59 4.53
