82.782 9.93384
159.271 19.2081
232.814 28.0774
307.932 38.2452
382.968 48.254
458.007 57.9837
532.926 65.5499
608.96 74.9021
683.324 84.4588
758.297 93.2705
833.293 101.495
908.337 111.725
984.211 120.467
1059.2 130.917
1133.45 140.774
1208.45 150.814
1283.52 160.953
1358.59 170.368
1433.57 178.91
1508.6 189.178
1584.99 199.708
1658.54 208.976
1733.57 218.429
1808.66 226.807
1883.68 236.213
1958.63 245.612
2033.82 253.82
2108.81 261.915
2184.26 272.596
2259.28 281.959
2334.01 291.284
2408.9 300.63
2484 310.003
2559.07 320.908
2634.02 330.306
