76.609 14.3872
151.609 31.9289
226.69 49.2371
301.72 66.9818
376.75 87.2553
451.731 107.602
526.658 129.242
601.717 148.022
677.183 166.993
752.143 187.284
827.106 205.949
902.14 224.092
977.234 245.677
1052.17 264.515
1127.18 286.755
1202.24 307.294
1277.22 329.522
1352.33 352.147
1427.26 372.516
1502.26 391.188
1577.3 413.569
1652.34 436.217
1727.41 456.036
1802.56 471.549
1877.42 493.385
1957.02 516.654
2027.39 535.232
2102.72 553.857
2177.74 573.616
2252.71 596.068
2328.15 617.426
2402.72 635.759
2477.75 658.587
2553.14 680.158
2627.9 701.65
2702.87 721.665
