78.734 1.89
153.595 1.93
228.699 1.93
303.594 1.94
379.068 1.93
453.72 1.97
528.622 2.01
603.857 2.02
678.851 2.04
753.834 2.05
829.168 2.04
903.729 2.02
978.775 2.01
1053.73 2.04
1128.79 2.05
1203.96 2.07
1278.78 2.07
1353.95 2.08
1429.36 2.08
1503.8 2.08
1578.94 2.07
1653.89 2.07
1728.97 2.08
1803.98 2.07
1879.09 2.08
1953.97 2.08
2029.4 2.11
2104.05 2.10
2179.09 2.12
2254.09 2.12
2329.11 2.15
2404.13 2.15
2479.09 2.15
2554.25 2.16
2629.2 2.15
2704.54 2.15
2779.19 2.15
2854.3 2.14
2929.2 2.15
3004.91 2.14
3079.49 2.15
3154.47 2.14
