90.173 1.93
165.189 1.80
240.203 1.70
315.221 1.66
390.672 1.61
465.721 1.66
540.694 2.20
615.743 2.36
690.764 2.46
765.975 2.57
840.776 2.75
915.798 2.85
990.777 2.89
1065.79 2.94
1140.85 3.03
1215.85 3.07
1290.87 3.07
1365.89 3.13
1440.86 3.14
1515.9 3.15
1590.92 3.14
1665.93 3.21
1740.94 3.25
1815.96 3.29
1890.97 3.29
1965.98 3.34
2041.01 3.34
2116.04 3.35
2191.01 3.35
2266.06 3.37
2341.07 3.38
2416.09 3.39
2491.06 3.40
2566.11 3.43
2641.12 3.44
2716.14 3.46
2791.17 3.47
2866.16 3.48
2941.21 3.48
3016.23 3.49
3091.24 3.48
3166.26 3.49
3241.28 3.50
3316.26 3.50
3391.28 3.51
3466.6 3.53
3541.61 3.51
3616.63 3.52
