98.104 2.48
173.111 2.58
248.009 2.72
323.151 2.81
398.078 2.84
473.139 2.86
548.148 3.00
623.241 3.05
698.148 3.03
773.247 3.05
848.275 3.08
923.251 3.12
998.255 3.10
1073.24 3.09
1148.33 3.09
1223.39 3.15
1298.24 3.13
1373.32 3.16
1448.34 3.21
1523.3 3.22
1598.36 3.21
1673.36 3.21
1748.4 3.22
1823.54 3.24
1898.37 3.21
1973.46 3.24
2048.39 3.27
2123.45 3.29
2198.5 3.26
2273.55 3.28
2348.6 3.33
2423.53 3.34
2498.48 3.34
2573.57 3.33
2648.61 3.33
2723.6 3.34
2798.6 3.32
2873.71 3.34
2948.59 3.36
3023.66 3.38
3098.96 3.36
3173.98 3.38
