77.136 2.04
152.14 2.08
227.184 2.08
302.325 2.12
377.14 2.15
452.245 2.12
527.172 2.15
602.237 2.20
677.244 2.18
752.255 2.18
827.304 2.18
902.357 2.18
977.393 2.17
1052.38 2.17
1127.35 2.17
1202.5 2.19
1277.4 2.21
1352.39 2.24
1427.41 2.24
1502.43 2.25
1577.42 2.25
1652.43 2.24
1727.5 2.25
1802.54 2.26
1877.48 2.27
1952.52 2.27
2027.55 2.28
2102.58 2.29
2177.58 2.29
2252.57 2.31
2327.56 2.31
2402.57 2.30
2477.64 2.31
2552.68 2.31
2627.68 2.31
2702.88 2.31
2777.7 2.32
2852.79 2.32
2927.69 2.33
3002.78 2.33
3078.09 2.32
3153.05 2.32
