84.727 8.94717
159.749 16.1985
234.766 23.9461
309.772 28.6229
385.228 34.9017
460.243 43.3549
535.287 58.4533
610.299 69.9403
685.32 79.7712
760.327 89.8707
835.333 102.746
910.317 113.608
985.331 124.152
1060.38 136.153
1135.37 145.781
1210.38 157.591
1285.42 167.362
1360.44 179.578
1435.45 188.618
1510.45 198.474
1585.47 211.185
1660.48 224.165
1735.5 236.375
1810.48 247.674
1885.53 257.94
1960.54 269.378
2035.55 279.685
2110.59 288.729
2185.57 301.608
2260.62 313.322
2335.62 322.315
2410.64 331.222
2485.66 343.021
2560.66 354.908
2635.68 363.723
2710.69 374.076
2785.73 386.102
2860.75 398.217
2935.77 410.421
3010.79 424.521
3085.8 433.246
3160.81 445.674
3235.85 456.254
3310.86 466.831
3385.87 481.471
3461.16 494.254
3536.17 502.844
3611.19 513.512
