77.136 9.44145
152.14 18.9871
227.184 28.3526
302.325 38.4557
377.14 48.6511
452.245 57.5256
527.172 68.0052
602.237 79.4953
677.244 88.5835
752.255 98.395
827.304 108.211
902.357 118.028
977.393 127.257
1052.38 137.02
1127.35 146.781
1202.5 158.009
1277.4 169.384
1352.39 181.761
1427.41 191.843
1502.43 202.829
1577.42 212.952
1652.43 222.087
1727.5 233.213
1802.54 244.424
1877.48 255.713
1952.52 265.933
2027.55 277.369
2102.58 288.894
2177.58 299.2
2252.57 312.207
2327.56 322.6
2402.57 331.555
2477.64 343.401
2552.68 353.802
2627.68 364.197
2702.88 374.618
2777.7 386.655
2852.79 397.108
2927.69 409.292
3002.78 419.789
3078.09 428.47
3153.05 438.905
