76.046 9.12552
151.003 16.0365
226.039 23.8697
301.101 30.5316
376.113 37.2352
451.394 51.1881
526.139 69.4503
601.158 85.8454
676.181 96.9644
751.204 117.188
826.206 133.845
901.228 154.11
976.235 169.279
1051.68 186.778
1126.91 202.843
1201.69 219.91
1276.7 232.104
1351.71 251.418
1426.74 264.519
1501.76 281.13
1576.77 297.064
1651.78 316.151
1726.8 333.618
1801.85 348.117
1876.86 365.988
1952.06 381.823
2026.86 402.534
2101.9 418.698
2176.91 433.64
2251.92 449.934
2326.95 469.113
2401.97 487.12
2476.98 503.819
2552.23 520.654
2627.21 539.103
2702.25 556.123
2777.26 569.894
2852.27 585.286
2927.36 600.694
3002.39 617.892
3077.4 633.329
