85.089 10
160.199 10
235.49 12
310.147 12
385.65 13
460.622 16
535.639 17
610.8 17
685.714 17
760.577 17
836.001 20
910.671 20
985.667 20
1060.66 20
1135.72 20
1210.7 20
1285.75 20
1360.76 20
1435.7 20
1510.71 20
1585.74 20
1660.73 20
1735.85 20
1810.73 23
1885.84 23
1960.96 23
2035.9 23
2110.83 23
2185.9 23
2260.86 23
2335.89 23
2410.88 23
2485.89 23
2560.98 23
2635.93 23
2711.62 23
2786.06 23
2861.04 23
2936.01 23
3011.08 26
3086.14 26
3161.07 26
3236.11 26
3311.21 26
3386.21 26
3461.47 26
3536.45 26
3611.53 26
