90.633 10
165.619 10
240.498 12
315.882 12
390.918 13
466.059 14
541.155 17
616.035 17
691.315 17
766.486 17
841.14 19
916.111 20
991.187 20
1066.14 20
1141.11 20
1216.09 20
1291.17 20
1366.14 20
1441.14 20
1516.2 20
1591.18 20
1666.28 20
1741.18 20
1816.29 20
1891.27 20
1966.3 23
2041.25 23
2116.3 23
2191.33 23
2266.32 23
2341.34 23
2416.34 23
2491.37 23
2566.38 23
2641.45 23
2716.42 23
2792.31 23
2866.45 26
2941.49 26
3016.54 26
3091.49 26
3166.57 26
3241.55 26
3316.61 26
3391.61 26
3466.93 26
3542.01 26
3616.92 26
