1.483 0.0
77.958 1.0
152.679 1.0
227.588 1.0
303.244 1.0
378.659 1.0
452.559 1.0
527.856 1.0
602.967 1.0
677.571 1.0
752.585 1.0
827.62 1.0
902.643 1.0
977.679 1.0
1052.83 1.0
1127.65 1.0
1203.81 1.0
1278.04 1.0
1352.71 1.0
1428.06 1.0
1503.1 1.0
1577.75 1.0
1653.17 1.0
1728.19 1.0
1803.05 1.0
1878.04 1.0
1952.84 1.0
2027.88 1.0
2102.94 1.0
2178.87 1.0
2256.14 1.0
2327.87 1.0
2402.98 1.0
2478.1 1.0
2553 1.0
2628.22 1.0
2703.09 1.0
2778.2 1.0
2853.27 1.0
2928.36 1.0
3003.65 1.0
3078.39 1.0
3153.34 1.0
