3.074 0.0
80.884 1.0
155.095 1.0
230.836 1.0
305.464 1.0
381.811 1.0
455.196 1.0
530.503 1.0
608.812 1.0
680.831 1.0
756.327 1.0
832.892 1.0
905.249 1.0
982.673 1.0
1055.65 1.0
1131.2 1.0
1206.41 1.0
1280.9 1.0
1356.21 1.0
1432 1.0
1505.66 1.0
1580.82 1.0
1656.54 1.0
1730.96 1.0
1807.75 1.0
1881.42 1.0
1956 1.0
2031.56 1.0
2106.2 1.0
2181.2 1.0
2256.59 1.0
2331.33 1.0
2405.89 1.0
2481.6 1.0
2556.47 1.0
2631.32 1.0
2707.17 1.0
2780.66 1.0
2857.41 1.0
2931.45 1.0
3007.45 1.0
3081.49 1.0
3156.76 1.0
