15.06 0.0
90.837 1.0
165.821 1.0
240.597 1.0
316.018 1.0
391.026 1.0
466.162 1.0
541.263 1.0
616.134 1.0
691.971 1.0
766.585 1.0
841.243 1.0
916.222 1.0
991.302 1.0
1066.37 1.0
1141.32 1.0
1216.19 1.0
1291.28 1.0
1366.25 1.0
1441.24 1.0
1516.32 1.0
1591.39 1.0
1666.4 1.0
1741.29 1.0
1816.4 1.0
1891.37 1.0
1966.41 1.0
2041.37 1.0
2116.41 1.0
2191.44 1.0
2266.44 1.0
2341.44 1.0
2416.56 1.0
2491.48 1.0
2566.49 1.0
2641.56 1.0
2716.53 1.0
2792.43 1.0
2866.57 1.0
2941.6 1.0
3016.65 1.0
3091.6 1.0
3166.67 1.0
3241.66 1.0
3316.71 1.0
3391.72 1.0
3467.03 1.0
3542.12 1.0
3617.03 1.0
