1.293 0.0
78.999 1.0
153.131 1.0
228.177 1.0
303.654 1.0
377.909 1.0
453.212 1.0
528.547 1.0
602.967 1.0
677.955 1.0
752.98 1.0
828.036 1.0
903.079 1.0
978.131 1.0
1053.12 1.0
1130.08 1.0
1203.34 1.0
1278.12 1.0
1353.76 1.0
1428.13 1.0
1503.16 1.0
1578.16 1.0
1653.54 1.0
1728.23 1.0
1803.28 1.0
1878.22 1.0
1953.53 1.0
2029.02 1.0
2103.31 1.0
2178.44 1.0
2253.57 1.0
2328.28 1.0
2403.67 1.0
2478.77 1.0
2553.53 1.0
2629.28 1.0
2703.59 1.0
2778.46 1.0
2853.86 1.0
2928.8 1.0
3003.5 1.0
3079.21 1.0
3154.13 1.0
