9.628 0.0
85.308 1.0
160.307 1.0
235.672 1.0
310.359 1.0
385.869 1.0
460.81 1.0
535.739 1.0
611.096 1.0
685.955 1.0
760.795 1.0
836.139 1.0
910.781 1.0
985.891 1.0
1060.78 1.0
1135.83 1.0
1210.81 1.0
1285.85 1.0
1360.87 1.0
1435.81 1.0
1510.83 1.0
1585.85 1.0
1660.84 1.0
1735.96 1.0
1810.85 1.0
1885.94 1.0
1961.07 1.0
2036.02 1.0
2110.93 1.0
2186.03 1.0
2260.97 1.0
2336 1.0
2410.99 1.0
2486.02 1.0
2561.09 1.0
2638.11 1.0
2711.72 1.0
2786.18 1.0
2861.15 1.0
2936.12 1.0
3011.18 1.0
3086.25 1.0
3161.18 1.0
3236.22 1.0
3311.31 1.0
3386.32 1.0
3461.58 1.0
3536.56 1.0
3611.65 1.0
