22.631 0.0
99.847 1.0
174.23 1.0
249.243 1.0
324.643 1.0
399.332 1.0
474.498 1.0
549.614 1.0
624.866 1.0
700.374 1.0
774.45 1.0
849.898 1.0
924.74 1.0
999.742 1.0
1074.59 1.0
1150.05 1.0
1225.47 1.0
1299.73 1.0
1375.05 1.0
1449.8 1.0
1524.68 1.0
1599.88 1.0
1674.86 1.0
1749.47 1.0
1825.03 1.0
1899.83 1.0
1974.69 1.0
2049.99 1.0
2124.7 1.0
2199.94 1.0
2275.17 1.0
2350.29 1.0
2424.64 1.0
2499.68 1.0
2575.08 1.0
2649.83 1.0
2725.36 1.0
2800.12 1.0
2875.03 1.0
2950.1 1.0
3024.76 1.0
3100.49 1.0
3175.19 1.0
