60.312 289.166
81.152 219.913
103.316 601.727
144.802 286.788
216.821 246.634
257.341 258.442
298.091 280.644
359.825 230.617
380.358 346.677
390.699 311.278
463.252 267.711
503.752 246.333
598.246 317.873
630.545 248.831
753.317 265.74
763.937 586.725
794.821 258.068
973.592 229.628
994.373 547.655
1065.38 467.754
1189.4 263.854
1313.91 712.532
1440.55 631.417
1471.43 260.66
1481.77 306.558
1543.95 268.193
1564.93 785.988
1615.71 356.63
1646.97 272.69
1730.2 231.047
1782.23 254.106
1845.09 241.169
1865.63 344.788
1981.38 253.878
1991.79 376.832
2044.27 1267.504
2156.9 254.981
2522.85 303.134
2615.87 287.455
2637.6 904.808
2752.01 279.537
2834.28 255.302
2917.92 251.03
2928.3 353.228
3002.69 257.179
3023.57 351.488
3056.21 667.74
3193.97 264.791
3214.59 258.502
3372.26 257.957
3509.17 257.588
3560.44 257.675
3602.31 516.825
3797.62 256.599
3807.97 322.795
3889.99 319.538
3996.19 305.503
4068.07 246.317
4078.45 348.529
4150.97 340.497
4192.96 250.583
4329.87 264.926
4476.53 265.493
4549.56 254.494
4569.94 343.704
4632.07 257.841
4653.71 267.721
4674.09 346.233
4814.87 2392.84
4908.16 262.942
4982.28 238.948
5085.82 340.831
5116.69 297.241
5178.81 245.99
5209.59 243.696
5438.01 281.106
5678.42 238.737
5709.92 230.625
5825.87 260.842
5877 251.48
5908.36 240.734
6208.38 266.222
6250.3 250.662
6301.88 293.71
6312.26 353.458
6375.01 313.629
6436.71 286.566
6467.92 353.052
6540.75 318.638
6582.39 322.363
6613.56 293.55
6654.01 254.969
6694.74 238.223
6728.06 265.829
6801.06 354.812
6853.8 345.366
6865.13 1306.976
6949.17 837.294
6959.47 283.876
7032.96 764.222
7265.55 306.583
7377.11 344.5
7417.73 326.427
7450.47 663.172
7460.73 243.255
7471.09 327.63
7566.21 539.534
7631.1 220.748
7758.94 311.53
7790.18 950.84
7810.49 276.535
7820.85 331.585
8063.23 389.852
8300.24 722.614
8437.4 1094.272
8545.15 543.203
8651.31 956.041
8738.95 809.371
8749.76 781.559
8835.52 6999.209
8878.13 1735.068
8915.24 4087.067
8927.13 1857.804
8975.23 1963.134
9007.45 2446.61
