71.063 530.408
114.03 493.644
155.535 521.263
339.485 586.4
453.131 501.814
609.038 581.903
784.699 553.521
900.23 617.906
1127.9 471.181
1179.27 605.347
1221.03 587.138
1262.41 591.713
1324.67 549.549
1388.81 516.669
1461.31 542.625
1636.84 601.855
1772.12 586.313
1940.27 840.4
1950.89 597.159
2065.03 552.074
2126.41 592.228
2189.05 600.835
2404.96 569.486
2460.84 596.083
2471.44 571.851
2690.76 591.481
2783.12 569.432
2803.66 499.262
2855.3 596.677
2907.82 515.04
2949.68 598.643
3077.35 596.171
3162.13 1885.671
3266.5 604.517
3383.02 564.682
3425.3 818.521
3446.17 606.698
3466.93 556.816
3633.82 555.585
3787.51 548.421
3944.05 593.839
4171.98 601.506
4245.73 588.69
4362.02 1743.886
4372.76 717.386
4446.03 562.601
4529.32 578.445
4611.96 597.27
4643.59 1309.939
4695.11 603.921
4705.74 599.856
4751.12 840.99
4772.01 592.855
4959.92 561.121
4993.05 568.936
5127.46 560.386
5316 1098.677
5366.97 530.589
5489.4 511.621
5583.55 511.899
5604.93 503.178
5615.57 605.539
5949.4 555.77
5991.25 560.131
6104.78 556.056
6136.42 518.585
6157.16 554.005
6281.38 525.318
6333.52 590.709
6406.19 508.095
6520.56 590.411
6593.15 557.828
6738.76 495.119
6769.85 596.716
6822.62 508.031
6833.44 797.857
7012.34 577.469
7086.02 558.671
7255.39 881.79
7428.77 837.892
7493.2 845.326
7610.35 2736.297
7621.02 645.399
7685.46 858.101
7717.91 616.716
7748.77 823.697
7904.87 828.848
7967.13 498.273
8020.03 965.644
8031.05 998.041
8235.67 1063.41
8333.26 1175.072
8416.45 1293.732
8479.16 703.278
8490.57 1392.092
8502.37 1776.925
8567.8 995.776
8708.27 1387.734
8901.3 2959.347
