39.58 146.869
186.369 233.602
196.838 433.606
206.966 91.052
278.021 199.631
370.405 118.836
401.277 120.13
568.078 142.403
588.322 203.513
620.683 1362.128
733.117 129.182
827.464 141.431
911.067 551.319
942.874 113.132
1025.28 111.626
1097.06 140.13
1107.32 227.711
1241.7 132.386
1272.83 135.085
1303.59 149.052
1657.61 185.321
1668.64 997.763
1679.03 350.006
1802.92 219.721
1855.67 125.148
1876.43 327.736
2023.19 126.946
2085.7 135.159
2219.84 134.886
2230.09 217.322
2250.34 203.694
2271.35 175.426
2291.61 219.38
2533.52 212.752
2565.52 309.547
2814.08 142.688
2887.35 175.805
3013.62 475.63
3108.39 142.028
3276.92 139.039
3394.32 1016.149
3414.69 140.424
3456.6 142.354
3530.1 136.404
3540.35 221.271
3571.11 211.021
3613.35 588.261
3623.49 111.17
3644.24 143.609
3756.66 127.707
3766.91 222.716
3777.19 236.483
3838.95 154.067
3869.82 140.829
3880.07 217.889
3900.57 130.235
4130.76 125.214
4141.02 225.535
4266.38 107.288
4276.53 121.373
4456.44 129.511
4487.23 232.927
4539.7 110.755
4580.59 192.974
4590.76 130.393
4716.15 135.479
4866.39 113.3
4918.83 218.953
4929.35 494.06
4949.58 191.677
5075.87 168.805
5230.52 177.548
5356.67 156.614
5377.43 172.414
5387.67 218.831
5397.93 225.552
5468.94 119.424
5520.92 111.517
5625.98 131.525
5721.63 1250.473
5939.07 230.726
5970.07 130.252
6012.27 460.692
6063.81 146.551
6074.07 228.606
6094.44 339.205
6146.82 120.733
6240.44 165.638
6500.18 580.854
6624.13 114.612
6674.64 163.53
6684.89 225.275
6780.7 580.514
6843.85 133.413
6970.1 170.783
7054.66 336.268
7213.88 95.739
7244.74 188.005
7407.81 232.558
7545.87 373.56
7707.52 207.455
7769.62 232.278
7862.72 134.773
7884.08 113.863
7894.27 157.632
7987.99 569.737
8106.5 451.197
8118.29 1758.203
8213.64 224.638
8278.38 475.33
8374.86 654.456
8697.11 260.395
8760.67 453.843
8952.87 867.143
8995.41 9715.109
