28.404 831.738
49.438 778.812
92.111 1453.171
431.627 807.297
524.308 756.685
536.734 2391.699
805.487 1170.632
816.331 822.319
857.758 852.396
878.855 823.142
921.387 1255.625
952.783 847.958
1085.92 851.645
1199.69 800.547
1334.84 843.879
1355.96 840.68
1492.1 834.711
1740.53 837.441
1813.04 1055.29
1834.29 848.731
1918.31 755.336
2002.07 786.239
2167.38 991.919
2301.48 798.958
2332.36 823.912
2353.24 842.141
2426.37 848.194
2438.62 2221.134
2449.5 848.496
2554.23 1424.928
2626.13 770.306
2647.92 821.791
2658.79 845.955
2700.93 844.89
2876.18 956.401
2959.85 856.605
2970.72 843.186
2991.86 848.689
3034 934.519
3044.97 942.984
3128.26 793.039
3139.14 843.853
3172.27 814.27
3183.14 843.804
3255.15 831.813
3297.65 1459.744
3319.88 1919.225
3351.05 838.317
3477.09 840.189
3498.35 851.521
3580.98 798.466
3724.91 759.523
3911.83 2196.409
3922.71 837.388
3954.22 853.418
4016.86 843.765
4088.73 800.621
4182.14 845.065
4203.26 807.984
4214.15 848.353
4287.41 1822.618
4319.04 846.374
4382.93 849.652
4434.73 1258.109
4497.09 798.95
4600.62 795.667
4739.54 4100.079
5054.35 864.358
5167.99 757.865
5261.4 1589.88
5272.66 1240.439
5283.53 835.488
5509.82 850.104
5530.83 843.259
5541.71 842.803
5593.69 818.556
5667.62 856.457
5699.13 849.183
5741.53 815.969
5762.66 764.072
5805.03 833.402
5856.17 786.228
5897.56 855.88
5979.95 809.361
6032.42 1073.005
6114.94 852.402
6218.68 811.395
6343.69 858.845
6446.98 770.105
6571.5 807.563
6705.28 1049.082
6811.37 823.908
6875.82 1192.027
6927.61 781.806
6990.58 1123.067
7043.32 862.164
7107.62 2087.947
7118.59 933.741
7129.94 1325.4
7151.44 772.778
7223.37 423.191
7481.61 1033.936
7534.51 1717.888
7651.93 1093.15
7663.17 1215.764
8008.32 1256.417
8170.38 1764.857
8192.42 1682.556
8288.95 1515.965
8447.7 814.611
8534.05 2352.969
8556.07 1424.025
8609.78 1471.944
8675.51 4707.755
8773.43 3695.321
8817.95 4485.859
8849.94 4930.089
8865.82 5841.02
8941.02 4398.886
9045.85 8898.498
