246.553 166.617
287.275 138.455
307.809 168.516
349.065 213.225
410.569 177.479
420.829 222.198
482.968 162.415
556.987 168.386
670.634 204.68
680.89 225.439
691.397 473.719
722.029 209.682
868.043 214.974
983.304 183.346
1075.09 174.481
1167.98 328.132
1230.62 232.19
1282.12 174.288
1345.13 213.467
1367.58 1545.12
1398.39 218.025
1429.39 213.015
1522.78 215.953
1553.63 144.804
1760.83 210.896
1897.34 223.918
1907.56 192.297
2032.48 179.463
2074.61 218.709
2260.23 775.541
2480.92 137.314
2491.31 364.772
2501.56 213.161
2542.81 176.162
2574.82 188.942
2585.04 199.102
2669.09 222.525
2731.2 185.824
2844 187.732
2896.61 145.237
2938.39 551.139
2981.02 224.057
3097.3 218.076
3224.32 186.956
3286.2 172.266
3403.6 172.128
3434.88 219.897
3549.65 176.781
3591.27 215.371
3653.53 178.53
3663.78 225.474
3735.2 213.122
3964.48 193.925
3985.36 309.032
4099.05 237.481
4109.3 220.893
4160.68 170.74
4224.43 220.198
4255.32 226.496
4349.58 174.954
4465.74 190.786
4518.04 502.678
4683.81 180.902
4725.44 182.175
4760.7 218.357
4801.95 233.778
4855.33 209.193
4887.02 1134.959
5105.87 196.565
5147.01 184.905
5188.82 475.335
5239.81 178.975
5325.55 194.541
5407.19 161.641
5478.2 150.348
5498.99 227.598
5562.33 538.064
5635.42 328.346
5773.07 339.598
5794.22 730.817
5886.72 186.53
5958.99 217.715
6052.72 215.697
6125.2 195.193
6187.44 190.76
6197.59 127.479
6229.32 573.761
6322.23 439.344
6384.73 183.048
6394.98 234.64
6477.99 543.555
6550.49 214.962
6560.71 187.714
6717.26 1911.218
6748.27 153.628
6790.17 363.606
6916.85 340.005
7064.07 312.049
7095.55 166.569
7172.45 496.575
7233.61 159.79
7305.31 202.626
7325.49 147.656
7555.15 181.8
7596.92 278.076
7640.85 229.962
7840.97 184.329
7851.64 647.633
7924.88 121.861
8084.42 692.816
8095.11 663.618
8128 592.589
8148.63 597.067
8343.25 636.25
8384.45 491.577
8588.32 567.173
8685.9 315.122
8962.75 769.795
