124.655 334.05
134.902 217.421
166.075 252.416
329.111 328.058
442.846 225.229
514.479 276.892
641.306 304.862
702.687 343.881
743.443 297.449
847.832 332.511
932.731 356.716
1015.13 298.162
1117.64 298.057
1158.53 329.809
1252.03 304.989
1293.4 337.148
1409.68 338.98
1420.05 344.762
1503.44 339.951
1534.07 347.898
1575.71 316.981
1626.46 304.387
1689.36 306.774
1699.74 350.977
1720.36 582.297
1824.37 349.011
1888.01 1560.266
1929.64 346.104
1961.52 349.68
2116.04 293.802
2147.04 340.857
2178.67 299.111
2209.67 333.374
2374.59 341.241
2416.45 1210.893
2512.94 434.187
2680.39 348.818
2772.77 305.496
2824.42 303.079
2866.15 572.5
3066.96 295.758
3087.96 340.834
3150.47 334.895
3204.73 306.29
3308.88 239.858
3331.14 263.241
3362.39 348.875
3488.43 350.712
3519.93 308.515
3675.05 322.645
3746.49 337.956
3828.76 328.657
3849.27 298.628
3859.64 347.828
3975.93 498.257
4006.95 300.0
4028.19 346.905
4120.6 348.484
4298.74 331.896
4309.12 345.616
4424.4 445.389
4508.43 352.207
4792.61 328.475
4825.63 303.806
4836.01 340.384
4876.78 354.129
4898.28 321.562
4972.44 2248.255
5003.66 339.627
5014.05 356.298
5024.4 321.806
5065.66 323.799
5096.56 294.409
5158.18 219.328
5220.31 268.809
5294.82 310.831
5305.12 275.056
5448.77 295.54
5647.33 963.66
5657.71 348.606
5689.21 334.323
5752.82 313.058
5784.37 363.581
6001.78 258.208
6167.79 350.857
6178.14 323.65
6261.07 309.206
6291.98 327.182
6355.09 403.597
6416.81 342.674
6489.57 645.467
6603.67 245.447
6759.48 261.178
6887.13 331.213
6897.4 241.905
6938.73 132.199
6980.39 269.663
7001.98 411.243
7075.69 674.179
7141.61 682.232
7162.85 429.705
7203.76 360.022
7347.15 701.215
7440.2 1151.901
7503.7 230.151
7577.15 496.125
7587.52 346.002
7674.83 665.849
7697.28 1552.92
7831.68 381.909
7873.94 1189.684
7915.65 498.951
7936.37 553.585
7956.85 439.044
8043.23 1891.689
8074.61 938.517
8181.67 308.908
8224.83 1157.465
8247.86 1920.51
8311.56 868.651
8322.3 723.637
8578.65 575.067
