84.381 22.5804
159.392 44.8529
234.436 66.3923
309.435 75.007
384.466 92.7332
459.48 110.827
535.188 131.656
609.495 141.159
684.537 163.057
759.544 179.556
834.56 197.29
909.547 213.38
984.577 233.345
1059.62 251.766
1134.6 267.538
1209.64 281.603
1284.64 299.836
1359.62 318.966
1434.66 339.153
1509.67 351.451
1584.68 368.914
1659.71 386.381
1734.72 404.885
1809.7 416.955
1884.71 437.629
1959.75 455.054
2034.73 476.126
2109.76 487.355
2184.74 504.675
2259.79 526.08
2334.77 542.134
2409.81 555.221
2484.8 578.461
2559.84 599.001
2634.86 614.975
2709.87 630.858
2784.86 649.985
2859.88 669.211
2934.89 690.285
3009.93 704.323
3084.94 723.727
3159.95 743.221
3234.97 764.746
3310.12 778.54
3384.97 800.207
3460 817.944
3535.04 842.047
3610.01 853.407
3685.07 871.151
3760.07 888.88
3835.14 908.927
3910.13 919.663
3985.17 944.484
4060.18 962.263
4135.2 982.523
4210.21 995.293
4285.22 1018.17
4360.24 1038.61
4435.69 1059.24
4510.25 1071.64
4585.32 1089.47
4661.04 1113.06
4735.73 1130.89
4810.74 1148.8
4885.75 1166.72
4960.74 1184.62
5035.78 1205.57
5110.81 1217.39
5185.8 1238.37
5261 1256.33
5335.82 1277.4
5410.84 1288.86
5485.85 1306.73
5560.91 1327.94
5635.9 1349.24
5710.92 1367.19
5785.94 1385.15
5860.98 1406.64
5936 1424.64
6011.02 1439.04
6086.51 1460.76
6161.49 1478.76
6236.6 1500.52
6313.84 1511.53
6389.9 1533.58
6467.89 1552.29
6546.1 1571.07
6624.56 1585.92
6703.73 1604.87
6782.35 1627.76
6860.76 1650.7
6939.91 1665.58
7021.83 1689.45
7102.69 1708.91
7185.22 1733.07
7266.53 1752.69
7347.85 1772.3
7429.98 1792.11
7512.04 1816.41
7596.38 1832.25
7688 1858.96
7775.6 1884.8
7864.35 1906.32
7950.21 1922.36
8038.59 1943.73
8126.87 1969.95
8244.43 2003.4
8369.38 2033.76
8494.42 2069.24
8614.74 2108.89
8758.14 2149.25
