85.276 2.13
160.668 2.10
235.817 1.91
310.948 1.79
385.667 1.73
460.173 1.76
535.422 1.72
610.974 1.65
685.167 1.66
760.427 1.63
835.686 1.63
911.194 1.61
986.108 1.60
1061.11 1.60
1135.64 1.58
1210.5 1.55
1286.14 1.54
1360.52 1.53
1435.9 1.55
1511.16 1.52
1585.94 1.50
1660.33 1.52
1735.31 1.52
1810.61 1.49
1886.09 1.49
1961.79 1.50
2035.63 1.50
2111.34 1.48
2186.27 1.49
2260.65 1.48
2335.79 1.49
2411.31 1.47
2486 1.47
2561.08 1.47
2635.6 1.47
2710.58 1.46
2785.87 1.47
2861.48 1.47
2935.87 1.47
3011.36 1.46
3085.61 1.47
3160.84 1.47
3235.71 1.46
3310.9 1.46
3386.47 1.46
3460.71 1.45
3536.69 1.46
3610.91 1.45
3686.01 1.45
3760.97 1.45
3836.17 1.45
3911.88 1.44
3986.33 1.45
4061.19 1.45
4135.87 1.45
4210.95 1.45
4285.84 1.45
4361.11 1.45
4436.12 1.45
4511.28 1.44
4586.19 1.44
4661.57 1.44
4736.68 1.45
4811.47 1.44
4886.76 1.44
4961.49 1.44
5036.47 1.44
5111.67 1.44
5186.69 1.44
5261.71 1.44
5336.98 1.45
5411.49 1.44
5487.37 1.44
5562.27 1.44
5636.95 1.44
5712.07 1.44
5787.21 1.44
5861.85 1.44
5937.26 1.44
6011.85 1.44
6087.74 1.44
6163.16 1.44
6237.49 1.44
6314.46 1.44
6391.4 1.44
6468.6 1.44
6547.76 1.44
6625.07 1.44
6704.37 1.44
6784.3 1.44
6861.67 1.45
6941.58 1.45
7022.97 1.45
7104.15 1.45
7186.38 1.45
7266.94 1.45
7348.78 1.45
7431.71 1.45
7513.58 1.46
7597.4 1.45
7689.28 1.45
7776.46 1.45
7866.6 1.45
7952.23 1.45
8039.84 1.45
8128.57 1.46
8246.18 1.46
8372.72 1.46
8495.39 1.46
8616.8 1.46
8760.83 1.46
