85.299 2.18
160.522 2.39
235.326 2.30
310.345 2.17
385.601 2.11
460.596 2.18
535.848 2.17
610.432 2.08
685.472 2.10
760.449 2.08
835.684 2.07
911.064 2.03
985.495 2.03
1060.5 2.04
1135.51 2.04
1210.52 2.00
1285.89 2.00
1360.53 2.00
1435.55 2.00
1510.56 1.97
1585.84 1.97
1660.63 1.99
1735.65 2.00
1810.62 1.97
1885.66 1.98
1960.63 1.99
2036.05 1.98
2110.65 1.97
2185.91 1.97
2260.7 1.97
2335.88 1.97
2410.7 1.95
2486.43 1.95
2561.12 1.95
2635.74 1.95
2711 1.94
2785.76 1.95
2860.78 1.94
2935.8 1.95
3010.81 1.94
3086.04 1.95
3161.28 1.95
3235.85 1.94
3310.93 1.93
3385.89 1.93
3461.13 1.94
3535.97 1.94
3610.93 1.93
3685.95 1.93
3760.98 1.92
3836.01 1.93
3911.95 1.93
3986.76 1.92
4061.07 1.93
4136.3 1.93
4211.09 1.92
4286.15 1.93
4361.4 1.93
4436.13 1.93
4511.17 1.92
4586.2 1.92
4661.58 1.93
4737.11 1.93
4811.61 1.92
4886.64 1.92
4961.91 1.93
5036.89 1.93
5111.69 1.92
5186.74 1.93
5261.75 1.93
5336.74 1.94
5411.8 1.93
5486.76 1.93
5561.79 1.93
5636.82 1.93
5711.83 1.92
5786.85 1.92
5862.11 1.92
5936.89 1.93
6012.27 1.92
6087.39 1.92
6162.4 1.92
6237.51 1.92
6314.81 1.92
6390.78 1.92
6469.02 1.92
6547.65 1.93
6625.5 1.92
6704.8 1.93
6783.58 1.93
6861.81 1.93
6941.26 1.93
7023.4 1.93
7104.58 1.93
7186.54 1.93
7267.26 1.93
7349.08 1.93
7432.14 1.93
7512.85 1.94
7597.84 1.93
7689.15 1.94
7776.83 1.94
7865.53 1.94
7951.67 1.94
8039.47 1.94
8128.91 1.94
8246.6 1.94
8371.56 1.94
8495.75 1.95
8617.23 1.95
8760.66 1.95
