90.707 3.39
165.683 3.11
240.733 2.50
315.747 2.35
390.73 2.28
465.745 2.25
540.798 2.14
616.757 2.09
690.834 2.26
765.84 2.23
840.85 2.18
915.874 2.18
990.899 2.18
1066.33 2.19
1140.91 2.13
1215.92 2.12
1290.93 2.11
1365.93 2.10
1440.92 2.05
1515.96 2.05
1591.73 2.04
1665.99 2.03
1740.98 2.01
1816.02 2.01
1891.32 2.03
1967.26 2.02
2041.05 2.01
2116.02 2.00
2191.06 2.00
2266.07 2.00
2341.09 1.98
2416.07 1.98
2491.12 1.99
2566.13 1.99
2641.14 1.97
2716.16 1.98
2791.17 1.98
2866.2 2.00
2941.21 1.99
3016.22 2.00
3091.6 2.01
3166.24 2.00
3241.26 1.99
3316.28 2.01
3391.29 2.01
3466.66 2.01
3541.33 1.99
3616.34 1.99
3691.36 2.00
3766.84 1.99
3841.42 1.98
3916.81 1.98
3992.58 1.99
4067.08 2.00
4141.61 1.99
4217.65 1.99
4292.14 2.00
4366.66 2.00
4441.92 1.98
4516.95 1.98
4591.73 1.99
4667.11 1.99
4742.38 2.00
4817.14 1.99
4893.05 2.00
4968.31 1.99
5043.04 1.99
5117.56 1.99
5192.24 1.99
5268.02 2.00
5343.52 1.99
5417.28 2.00
5492.71 1.99
5568.44 1.99
5642.35 1.99
5717.61 2.00
5792.63 2.00
5867.78 2.01
5943.55 2.00
6017.68 2.00
6093.89 2.00
6167.93 2.00
6243.91 1.99
6320.53 1.99
6398.55 1.99
6475.48 1.99
6553.41 1.98
6631.49 1.98
6711.36 1.98
6789.61 1.99
6867.45 1.97
6949.44 1.98
7030.71 1.99
7111.54 1.98
7193.77 1.99
7273.6 1.99
7355.61 2.00
7437.93 2.00
7519.49 1.99
7603.94 1.99
7695.88 1.99
7783.1 1.99
7872.49 1.98
7957.8 1.98
8046.55 1.98
8137.92 1.99
8256.67 1.99
8380.34 1.99
8505.86 2.00
8627.35 2.00
8778.37 2.02
