90.707 18.4498
165.683 30.9164
240.733 36.1099
315.747 44.5203
390.73 53.4519
465.745 62.8756
540.798 69.4385
616.757 77.3413
690.834 93.6771
765.84 102.469
840.85 109.983
915.874 119.796
990.899 129.61
1066.33 140.116
1140.91 145.809
1215.92 154.666
1290.93 163.432
1365.93 172.108
1440.92 177.234
1515.96 186.463
1591.73 194.828
1665.99 202.918
1740.98 209.962
1816.02 219.012
1891.32 230.362
1967.26 238.431
2041.05 246.15
2116.02 253.922
2191.06 262.928
2266.07 271.929
2341.09 278.122
2416.07 287.029
2491.12 297.439
2566.13 306.395
2641.14 312.183
2716.16 322.68
2791.17 331.591
2866.2 343.944
2941.21 351.18
3016.22 361.947
3091.6 372.847
3166.24 379.949
3241.26 387.007
3316.28 399.943
3391.29 408.99
3466.66 418.08
3541.33 422.835
3616.34 431.791
3691.36 442.963
3766.84 449.761
3841.42 456.361
3916.81 465.317
3992.58 476.714
4067.08 488.049
4141.61 494.509
4217.65 503.588
4292.14 515.057
4366.66 523.999
4441.92 527.701
4516.95 536.614
4591.73 548.253
4667.11 557.253
4742.38 569.085
4817.14 575.166
4893.05 587.166
4968.31 593.216
5043.04 602.139
5117.56 611.037
5192.24 619.954
5268.02 632.163
5343.52 638.017
5417.28 650.074
5492.71 655.83
5568.44 664.872
5642.35 673.697
5717.61 686.113
5792.63 695.115
5867.78 707.654
5943.55 713.226
6017.68 722.122
6093.89 731.266
6167.93 740.152
6243.91 745.523
6320.53 754.672
6398.55 763.987
6475.48 773.173
6553.41 778.545
6631.49 787.821
6711.36 797.31
6789.61 810.679
6867.45 811.733
6949.44 825.594
7030.71 839.467
7111.54 844.851
7193.77 858.936
7273.6 868.468
7355.61 882.673
7437.93 892.551
7519.49 897.827
7603.94 907.911
7695.88 918.889
7783.1 929.302
7872.49 935.252
7957.8 945.387
8046.55 955.93
8137.92 971.667
8256.67 985.846
8380.34 1000.61
8505.86 1020.7
8627.35 1035.28
8778.37 1063.94
