84.129 2.97
159.159 3.04
234.181 3.07
309.192 2.68
384.204 2.65
459.245 2.66
534.273 2.70
609.225 2.57
684.456 2.63
759.289 2.63
834.297 2.64
909.323 2.58
984.351 2.59
1059.36 2.60
1134.37 2.58
1209.38 2.53
1284.36 2.53
1359.39 2.53
1434.4 2.55
1509.41 2.51
1584.42 2.51
1659.6 2.51
1734.45 2.51
1809.44 2.48
1884.61 2.49
1959.49 2.50
2034.49 2.51
2109.5 2.48
2184.51 2.48
2259.52 2.49
2334.54 2.48
2409.54 2.46
2484.82 2.47
2559.58 2.48
2634.6 2.49
2709.61 2.47
2784.62 2.48
2859.64 2.49
2934.65 2.50
3009.67 2.48
3084.68 2.48
3159.96 2.48
3234.71 2.49
3309.7 2.48
3384.74 2.49
3459.76 2.49
3534.78 2.50
3609.79 2.48
3684.77 2.48
3759.84 2.48
3834.86 2.49
3910.14 2.47
3984.9 2.48
4059.91 2.49
4134.94 2.49
4209.95 2.48
4285.53 2.48
4360.24 2.48
4434.99 2.49
4510.02 2.48
4585.06 2.48
4660.41 2.49
4735.47 2.49
4810.47 2.48
4885.5 2.49
4960.52 2.49
5035.53 2.50
5110.54 2.49
5186.31 2.49
5261.02 2.50
5335.58 2.50
5411.12 2.49
5485.61 2.50
5560.64 2.50
5635.64 2.51
5710.69 2.50
5785.71 2.50
5860.73 2.51
5935.75 2.51
6010.76 2.50
6086.24 2.50
6161.26 2.50
6236.36 2.51
6313.62 2.50
6389.64 2.50
6467.57 2.51
6546.01 2.51
6623.91 2.50
6703.22 2.51
6782.13 2.51
6860.61 2.52
6939.67 2.51
7021.77 2.52
7102.62 2.52
7185.89 2.52
7266.03 2.52
7347.61 2.52
7429.89 2.53
7511.68 2.53
7596.16 2.52
7688.09 2.53
7775.19 2.53
7864.44 2.53
7950.89 2.53
8038.42 2.53
8126.81 2.54
8244.62 2.54
8369.62 2.54
8494.82 2.55
8615.09 2.55
8759.12 2.56
