85.276 10.8983
160.668 20.2442
235.817 27.0246
310.948 33.3958
385.667 40.0322
460.173 48.5943
535.422 55.2556
610.974 60.4864
685.167 68.2426
760.427 74.3698
835.686 81.7301
911.194 88.0213
986.108 94.6664
1061.11 101.867
1135.64 107.659
1210.5 112.577
1286.14 118.839
1360.52 124.896
1435.9 133.539
1511.16 137.818
1585.94 142.734
1660.33 151.422
1735.31 158.26
1810.61 161.868
1886.09 168.617
1961.79 176.561
2035.63 183.207
2111.34 187.487
2186.27 195.452
2260.65 200.746
2335.79 208.82
2411.31 212.677
2486 219.265
2561.08 225.887
2635.6 232.46
2710.58 237.446
2785.87 245.714
2861.48 252.383
2935.87 258.943
3011.36 263.795
3085.61 272.151
3160.84 278.787
3235.71 283.448
3310.9 290.035
3386.47 296.654
3460.71 301.082
3536.69 309.814
3610.91 314.149
3686.01 320.683
3760.97 327.204
3836.17 333.747
3911.88 337.986
3986.33 346.811
4061.19 353.324
4135.87 359.821
4210.95 366.353
4285.84 372.868
4361.11 379.416
4436.12 385.943
4511.28 389.775
4586.19 396.246
4661.57 402.759
4736.68 412.091
4811.47 415.711
4886.76 422.216
4961.49 428.673
5036.47 435.151
5111.67 441.649
5186.69 448.13
5261.71 454.612
5336.98 464.317
5411.49 467.553
5487.37 474.109
5562.27 480.581
5636.95 487.032
5712.07 493.523
5787.21 500.015
5861.85 506.464
5937.26 512.979
6011.85 519.424
6087.74 525.981
6163.16 532.497
6237.49 538.919
6314.46 545.569
6391.4 552.217
6468.6 558.887
6547.76 565.727
6625.07 572.406
6704.37 579.258
6784.3 586.163
6861.67 596.965
6941.58 603.918
7022.97 610.998
7104.15 618.061
7186.38 625.215
7266.94 632.224
7348.78 639.344
7431.71 646.559
7513.58 658.189
7597.4 660.974
7689.28 668.968
7776.46 676.552
7866.6 684.394
7952.23 691.844
8039.84 699.466
8128.57 712.063
8246.18 722.365
8372.72 733.45
8495.39 744.196
8616.8 754.832
8760.83 767.448
