84.129 14.9918
159.159 29.0306
234.181 43.1361
309.192 49.7181
384.204 61.0884
459.245 73.2955
534.273 86.5522
609.225 93.9425
684.456 108.007
759.289 119.816
834.297 132.153
909.323 140.763
984.351 152.968
1059.36 165.26
1134.37 175.6
1209.38 183.583
1284.36 194.966
1359.39 206.356
1434.4 219.463
1509.41 227.317
1584.42 238.614
1659.6 249.936
1734.45 261.209
1809.44 269.245
1884.61 281.561
1959.49 293.923
2034.49 306.395
2109.5 313.894
2184.51 325.055
2259.52 337.572
2334.54 347.38
2409.54 355.649
2484.82 368.25
2559.58 380.865
2634.6 393.609
2709.61 401.564
2784.62 414.351
2859.64 427.23
2934.65 440.197
3009.67 447.839
3084.68 459.001
3159.96 470.202
3234.71 483.266
3309.7 492.484
3384.74 505.68
3459.76 516.888
3534.78 530.217
3609.79 537.137
3684.77 548.294
3759.84 559.464
3834.86 572.929
3910.14 579.483
3984.9 592.954
4059.91 606.551
4134.94 617.76
4209.95 626.44
4285.53 637.687
4360.24 648.804
4434.99 662.587
4510.02 671.091
4585.06 682.257
4660.41 696.265
4735.47 707.478
4810.47 715.797
4885.5 729.894
4960.52 741.102
5035.53 755.329
5110.54 763.515
5186.31 774.835
5261.02 789.154
5335.58 800.337
5411.12 808.421
5485.61 822.841
5560.64 834.096
5635.64 848.727
5710.69 856.604
5785.71 867.857
5860.73 882.625
5935.75 893.924
6010.76 901.614
6086.24 912.936
6161.26 924.188
6236.36 939.196
6313.62 947.043
6389.64 958.447
6467.57 974.016
6546.01 985.829
6623.91 993.587
6703.22 1009.51
6782.13 1021.39
6860.61 1037.32
6939.67 1045.11
7021.77 1061.69
7102.62 1073.92
7185.89 1086.51
7266.03 1098.62
7347.61 1110.96
7429.89 1127.86
7511.68 1140.27
7596.16 1148.54
7688.09 1167.05
7775.19 1180.27
7864.44 1193.82
7950.89 1206.95
8038.42 1220.23
8126.81 1238.53
8244.62 1256.48
8369.62 1275.53
8494.82 1299.71
8615.09 1318.11
8759.12 1345.4
