85.299 11.1571
160.522 23.0189
235.326 32.475
310.345 40.4069
385.601 48.8171
460.596 60.246
535.848 69.7674
610.432 76.1819
685.472 86.3695
760.449 94.904
835.684 103.792
911.064 110.968
985.495 120.033
1060.5 129.805
1135.51 138.986
1210.52 145.263
1285.89 154.307
1360.53 163.264
1435.55 172.266
1510.56 178.548
1585.84 187.446
1660.63 198.279
1735.65 208.278
1810.62 214.015
1885.66 224.016
1960.63 234.1
2036.05 241.883
2110.65 249.478
2185.91 258.375
2260.7 267.214
2335.88 276.101
2410.7 282.051
2486.43 290.912
2561.12 299.651
2635.74 308.381
2711 315.561
2785.76 325.935
2860.78 332.995
2935.8 343.488
3010.81 350.458
3086.04 361.066
3161.28 369.87
3235.85 376.653
3310.93 383.406
3385.89 392.086
3461.13 402.876
3535.97 411.587
3610.93 418.146
3685.95 426.833
3760.98 433.265
3836.01 444.21
3911.95 453.003
3986.76 459.274
4061.07 470.271
4136.3 478.983
4211.09 485.117
4286.15 496.336
4361.4 505.05
4436.13 513.704
4511.17 519.687
4586.2 528.33
4661.58 539.811
4737.11 548.557
4811.61 554.297
4886.64 562.941
4961.91 574.589
5036.89 583.272
5111.69 588.867
5186.74 600.625
5261.75 609.311
5336.74 621.197
5411.8 626.686
5486.76 635.367
5561.79 644.055
5636.82 652.744
5711.83 658.003
5786.85 666.646
5862.11 675.316
5936.89 687.491
6012.27 692.614
6087.39 701.267
6162.4 709.909
6237.51 718.561
6314.81 727.466
6390.78 736.218
6469.02 745.232
6547.65 758.218
6625.5 763.258
6704.8 776.416
6783.58 785.538
6861.81 794.597
6941.26 803.797
7023.4 813.309
7104.58 822.71
7186.54 832.202
7267.26 841.548
7349.08 851.023
7432.14 860.642
7512.85 874.496
7597.84 879.83
7689.15 895.017
7776.83 905.223
7865.53 915.548
7951.67 925.575
8039.47 935.794
8128.91 946.206
8246.6 959.904
8371.56 974.45
8495.75 994.002
8617.23 1008.22
8760.66 1025
