88.791 20.4574
163.772 40.8775
238.824 58.0342
313.835 68.165
388.85 85.1582
463.835 101.58
539.129 119.363
615.232 129.937
688.924 145.914
764.276 161.415
838.935 177.686
913.963 194.126
988.991 212.435
1063.99 229.822
1139.38 244.739
1214.01 257.128
1289.02 273.788
1364.03 290.538
1439.04 309.97
1514.05 320.675
1589.07 337.517
1664.08 352.453
1739.09 370.427
1814.08 380.957
1889.12 401.248
1964.13 417.18
2039.13 436.782
2114.14 446.505
2189.37 461.082
2264.17 480.909
2339.18 496.841
2414.19 509.878
2489.21 528.708
2564.32 546.2
2639.24 562.158
2714.38 576.535
2789.38 594.139
2864.29 610.093
2939.26 629.59
3014.27 642.04
3089.32 663.586
3164.34 679.699
3239.34 699.698
3314.37 711.927
3389.38 732.105
3464.66 748.366
3539.42 766.638
3614.4 776.373
3689.46 794.709
3765.15 811.013
3839.48 827.023
3916.52 836.568
3991.55 859.779
4066.56 875.936
4141.55 894.575
4216.56 905.716
4291.61 924.412
4366.61 940.568
4441.62 959.391
4516.67 970.181
4591.66 986.289
4667.08 1005.29
4742.22 1021.47
4817.1 1034.71
4892.13 1050.83
4967.16 1069.93
5042.16 1086.08
5117.15 1096.09
5192.17 1115.28
5267.21 1131.4
5342.23 1150.72
5417.25 1160.37
5492.26 1176.44
5567.29 1195.85
5642.31 1215.35
5717.54 1228.13
5792.35 1247.67
5867.37 1267.35
5942.39 1283.56
6017.4 1296.15
6092.88 1312.41
6167.86 1328.56
6242.97 1348.48
6320.25 1357.59
6397.23 1377.96
6475.07 1394.73
6553.11 1415.47
6630.95 1424.33
6710.44 1445.43
6789.57 1462.47
6867.25 1479.21
6947.26 1496.44
7029.28 1518.32
7110.48 1535.86
7192.85 1553.66
7273.12 1566.63
7355.56 1588.8
7437.37 1610.93
7519.33 1628.69
7603.45 1642.34
7695.46 1662.22
7783.14 1685.83
7871.68 1705
7957.24 1718.76
8045.63 1737.86
8137.4 1762.56
8254.99 1792.98
8379.68 1815.04
8504.6 1852.3
8626.84 1884.1
8777.23 1922.21
