84.381 4.46
159.392 4.69
234.436 4.72
309.435 4.04
384.466 4.02
459.48 4.02
535.188 4.10
609.495 3.86
684.537 3.97
759.544 3.94
834.56 3.94
909.547 3.91
984.577 3.95
1059.62 3.96
1134.6 3.93
1209.64 3.88
1284.64 3.89
1359.62 3.91
1434.66 3.94
1509.67 3.88
1584.68 3.88
1659.71 3.88
1734.72 3.89
1809.7 3.84
1884.71 3.87
1959.75 3.87
2034.73 3.90
2109.76 3.85
2184.74 3.85
2259.79 3.88
2334.77 3.87
2409.81 3.84
2484.8 3.88
2559.84 3.90
2634.86 3.89
2709.87 3.88
2784.86 3.89
2859.88 3.90
2934.89 3.92
3009.93 3.90
3084.94 3.91
3159.95 3.92
3234.97 3.94
3310.12 3.92
3384.97 3.94
3460 3.94
3535.04 3.97
3610.01 3.94
3685.07 3.94
3760.07 3.94
3835.14 3.95
3910.13 3.92
3985.17 3.95
4060.18 3.95
4135.2 3.96
4210.21 3.94
4285.22 3.96
4360.24 3.97
4435.69 3.98
4510.25 3.96
4585.32 3.96
4661.04 3.98
4735.73 3.98
4810.74 3.98
4885.75 3.98
4960.74 3.98
5035.78 3.99
5110.81 3.97
5185.8 3.98
5261 3.98
5335.82 3.99
5410.84 3.97
5485.85 3.97
5560.91 3.98
5635.9 3.99
5710.92 3.99
5785.94 3.99
5860.98 4.00
5936 4.00
6011.02 3.99
6086.51 4.00
6161.49 4.00
6236.6 4.01
6313.84 3.99
6389.9 4.00
6467.89 4.00
6546.1 4.00
6624.56 3.99
6703.73 3.99
6782.35 4.00
6860.76 4.01
6939.91 4.00
7021.83 4.01
7102.69 4.01
7185.22 4.02
7266.53 4.02
7347.85 4.02
7429.98 4.02
7512.04 4.03
7596.38 4.02
7688 4.03
7775.6 4.04
7864.35 4.04
7950.21 4.03
8038.59 4.03
8126.87 4.04
8244.43 4.05
8369.38 4.05
8494.42 4.06
8614.74 4.08
8758.14 4.09
