88.791 3.84
163.772 4.16
238.824 4.05
313.835 3.62
388.85 3.65
463.835 3.65
539.129 3.69
615.232 3.52
688.924 3.53
764.276 3.52
838.935 3.53
913.963 3.54
988.991 3.58
1063.99 3.60
1139.38 3.58
1214.01 3.53
1289.02 3.54
1364.03 3.55
1439.04 3.59
1514.05 3.53
1589.07 3.54
1664.08 3.53
1739.09 3.55
1814.08 3.50
1889.12 3.54
1964.13 3.54
2039.13 3.57
2114.14 3.52
2189.37 3.51
2264.17 3.54
2339.18 3.54
2414.19 3.52
2489.21 3.54
2564.32 3.55
2639.24 3.55
2714.38 3.54
2789.38 3.55
2864.29 3.55
2939.26 3.57
3014.27 3.55
3089.32 3.58
3164.34 3.58
3239.34 3.60
3314.37 3.58
3389.38 3.60
3464.66 3.60
3539.42 3.61
3614.4 3.58
3689.46 3.59
3765.15 3.59
3839.48 3.59
3916.52 3.56
3991.55 3.59
4066.56 3.59
4141.55 3.60
4216.56 3.58
4291.61 3.59
4366.61 3.59
4441.62 3.60
4516.67 3.58
4591.66 3.58
4667.08 3.59
4742.22 3.59
4817.1 3.58
4892.13 3.58
4967.16 3.59
5042.16 3.59
5117.15 3.57
5192.17 3.58
5267.21 3.58
5342.23 3.59
5417.25 3.57
5492.26 3.57
5567.29 3.58
5642.31 3.59
5717.54 3.58
5792.35 3.59
5867.37 3.60
5942.39 3.60
6017.4 3.59
6092.88 3.59
6167.86 3.59
6242.97 3.60
6320.25 3.58
6397.23 3.59
6475.07 3.59
6553.11 3.60
6630.95 3.58
6710.44 3.59
6789.57 3.59
6867.25 3.59
6947.26 3.59
7029.28 3.60
7110.48 3.60
7192.85 3.60
7273.12 3.59
7355.56 3.60
7437.37 3.61
7519.33 3.61
7603.45 3.60
7695.46 3.60
7783.14 3.61
7871.68 3.61
7957.24 3.60
8045.63 3.60
8137.4 3.61
8254.99 3.62
8379.68 3.61
8504.6 3.63
8626.84 3.64
8777.23 3.65
