92.826 10
166.961 10
241.987 12
316.998 12
392.01 13
467.033 14
542.052 14
621.133 14
692.583 14
767.09 14
842.859 15
917.881 15
992.151 16
1067.66 16
1142.17 16
1217.18 16
1292.45 16
1367.53 16
1443.08 16
1517.21 16
1593.49 16
1668.47 17
1742.26 17
1817.28 18
1893.03 18
1969.16 18
2042.29 18
2117.31 18
2192.31 18
2267.32 18
2342.34 18
2417.36 18
2492.61 18
2567.38 18
2642.4 18
2718.54 19
2792.42 19
2867.45 19
2942.46 19
3017.47 19
3092.86 20
3167.49 20
3242.51 20
3317.79 20
3392.54 20
3468.32 20
3542.58 20
3617.59 20
3692.86 20
3768.64 20
3842.66 21
3919.18 21
3994.47 22
4072.97 22
4144.11 22
4221.37 22
4295.09 22
4370.53 22
4444.42 22
4520.45 22
4595.05 22
4669.74 22
4745.39 22
4819.32 22
4895.8 22
4972.31 22
5045.7 22
5121.1 24
5194.99 24
5271.13 24
5346.4 24
5420.04 24
5494.93 24
5572.27 24
5645.35 24
5720.36 24
5797.38 26
5870.53 26
5944.8 26
6020.18 26
6096.36 26
6171.02 26
6246.79 26
6323.54 26
6400.46 26
6478.46 26
6556.4 26
6636.16 26
6714.86 26
6793.07 26
6871.74 26
6952.6 26
7033.99 27
7114.59 27
7196.81 28
7278.29 28
7358.06 28
7441.24 28
7522.93 28
7607.81 28
7699.95 28
7787.35 28
7876.14 28
7962.12 28
8053.17 29
8144.19 29
8261.69 29
8386.58 29
8511.92 29
8642.65 30
8792.3 30
