89.674 9
164.552 10
239.579 11
314.58 11
389.596 13
464.615 13
540.381 13
618.532 13
689.676 13
765.051 13
839.693 14
914.712 14
989.98 15
1064.74 15
1140.13 15
1214.77 15
1289.77 15
1364.78 15
1439.79 15
1514.8 15
1589.82 15
1664.83 16
1739.85 16
1814.87 16
1889.87 16
1964.88 17
2040.01 17
2114.89 17
2190.15 17
2265.18 17
2339.93 17
2414.94 17
2489.96 17
2565.68 17
2639.98 18
2715.37 18
2790.38 18
2865.03 18
2940.04 18
3015.05 18
3090.08 19
3165.08 19
3240.1 19
3315.12 19
3390.64 19
3465.4 19
3540.39 19
3615.18 19
3690.2 19
3766.36 19
3840.25 20
3917.27 20
3992.3 21
4067.79 21
4143.21 21
4218.37 21
4293.73 21
4368.24 21
4442.38 21
4518.42 21
4593.19 21
4668.08 21
4744.1 22
4818.6 22
4893.77 22
4970.28 22
5043.76 22
5119.31 23
5193.33 23
5268.73 23
5343.36 23
5418.88 23
5493.01 23
5568.42 23
5643.44 23
5720.83 23
5794.35 24
5868.11 24
5943.13 25
6018.14 25
6094.01 25
6169.52 25
6245.63 25
6322.37 25
6398.45 25
6476.07 25
6555.42 25
6633.2 25
6714.61 25
6791.49 25
6869.15 25
6948.38 25
7031.05 26
7111.24 26
7194.48 27
7274.99 27
7356.93 27
7438.77 27
7521.68 27
7606.24 27
7699.18 27
7786.77 27
7873.69 27
7960.71 27
8047.26 27
8140.94 28
8257.38 28
8382.48 28
8508.68 28
8635.05 29
8783.35 29
