84.904 10
160.258 12
234.699 12
309.964 12
385.084 12
460.107 13
535.865 14
610.89 14
685.002 14
759.926 14
835.188 15
910.441 15
984.819 16
1059.93 16
1135.15 16
1209.9 16
1284.86 16
1360.1 16
1434.92 16
1510.21 16
1585.45 16
1660.55 16
1734.81 17
1810.93 18
1885.6 18
1960.31 18
2035.13 18
2110.04 18
2185.53 18
2260.76 18
2335.42 18
2410.19 18
2485.41 18
2560.19 18
2635.1 18
2710.46 18
2785.45 20
2860.28 20
2935.13 20
3010.29 20
3086.36 20
3161.45 20
3235.47 20
3310.2 20
3385.47 20
3463.12 20
3535.4 20
3610.47 20
3685.03 20
3761.06 20
3835.37 21
3912.2 21
3985.5 21
4060.8 22
4137.04 22
4210.96 22
4286.06 22
4361.35 22
4435.72 22
4511.28 22
4586.17 22
4660.66 22
4736.55 22
4811.1 22
4887.01 22
4963.66 22
5038.87 22
5111.04 22
5187.05 24
5261.79 24
5335.82 24
5412.08 24
5486.13 24
5561.12 24
5636.17 24
5711.19 24
5786.23 24
5861.49 24
5936.25 25
6012.03 25
6087.12 25
6161.85 26
6237.39 26
6313.96 26
6390.15 26
6468.51 26
6546.73 26
6625.49 26
6703.57 26
6783.26 26
6861.19 26
6941.7 27
7025.23 27
7103.43 27
7186.48 28
7266.78 28
7348.99 28
7431.14 28
7512.73 28
7597.38 28
7688.88 28
7776.07 28
7865.34 28
7952.51 28
8040.15 28
8129.27 28
8250.35 29
8370.86 29
8496.4 30
8617.07 30
8761.68 30
