86.655 11
161.662 11
236.445 13
311.452 13
386.588 14
462.255 15
538.503 15
613.398 15
686.787 15
761.672 15
836.928 15
912.321 16
986.725 17
1061.74 17
1138.5 17
1211 17
1287.27 17
1362.14 17
1436.66 17
1512.16 17
1587.06 17
1661.94 18
1736.46 18
1812.48 18
1887.95 18
1962.36 19
2040.01 19
2112.26 19
2187.14 19
2261.9 19
2337.04 19
2412.18 19
2487.7 19
2562.08 19
2637.6 19
2713.74 19
2787.63 19
2863.15 19
2937.16 20
3012.42 20
3087.66 21
3162.7 21
3237.46 21
3312.23 21
3389.5 21
3461.77 21
3537.79 21
3612.29 21
3686.94 21
3762.47 21
3837.25 22
3913.8 22
3988.16 23
4062.55 23
4137.07 23
4212.07 23
4288.34 23
4362.98 23
4438 23
4512.41 23
4587.69 23
4662.57 23
4738.84 23
4813.59 23
4888.12 23
4962.02 23
5037.66 23
5113.17 23
5188.82 25
5263.08 25
5337.6 25
5413.36 25
5488.13 25
5563.52 25
5637.8 25
5713.2 25
5787.96 25
5863.36 25
5938.72 26
6013.51 26
6088.87 27
6164.14 27
6238.62 27
6315.74 27
6393.15 27
6470.91 27
6549.36 27
6627.19 27
6707.94 27
6785.81 27
6863.8 28
6943.02 29
7024.85 29
7108.68 29
7189.04 29
7268.82 29
7353.14 29
7434.23 29
7514.99 29
7599.32 29
7691.78 29
7778.24 29
7867.84 29
7954.07 29
8041.63 29
8132.1 30
8249.1 30
8376.19 31
8496.99 31
8619.45 31
8766.01 31
