86.344 11
160.838 12
235.615 13
310.621 13
386.387 13
461.622 14
537.043 15
612.281 15
686.466 15
761.179 15
835.976 16
911.961 17
986.205 17
1060.79 17
1136.07 17
1210.81 17
1286.89 17
1360.82 17
1435.84 17
1511.59 17
1586.1 17
1661.52 17
1736.39 18
1810.91 18
1886.52 18
1960.92 19
2036.7 19
2111.76 19
2186.44 19
2262.09 19
2336.62 19
2411.31 19
2487.26 19
2561.84 19
2636.36 19
2712.17 19
2787.14 20
2861.91 20
2936.84 20
3012.18 20
3086.62 21
3162 21
3237.15 21
3312.03 21
3388.55 21
3461.91 21
3537.69 21
3611.8 21
3686.62 21
3762.6 21
3836.92 23
3913.59 23
3988.2 23
4062.31 23
4137.07 23
4211.71 23
4287.6 23
4362.53 23
4436.42 23
4511.46 23
4586.48 23
4661.87 23
4737.39 23
4812.86 23
4887.64 23
4965.07 23
5037.9 23
5112.76 23
5187.45 25
5262.01 25
5337.03 25
5413.38 25
5487.05 25
5563.08 25
5637.94 25
5712.83 25
5787.15 25
5863.06 25
5937.89 26
6013.53 26
6087.93 27
6163.58 27
6237.8 27
6315.54 27
6392.04 27
6470.52 27
6549.02 27
6625.74 27
6706.42 27
6784.59 27
6863.36 28
6941.75 29
7024.17 29
7108.87 29
7188.94 29
7268.45 29
7350.5 29
7433.58 29
7514.55 29
7599.35 29
7691.04 29
7777.47 29
7867.03 29
7952.58 29
8040.58 30
8131.24 30
8248.52 30
8373.14 30
8502.01 31
8621.17 31
8765.16 31
