85.044 11
159.922 12
234.941 13
309.957 13
384.974 14
461.236 15
537.685 15
614.503 15
686.18 15
760.059 15
835.063 15
910.082 15
985.105 16
1060.12 17
1135.13 17
1210.13 17
1285.28 17
1360.15 17
1435.17 17
1510.17 17
1585.19 17
1663.07 17
1735.22 17
1811.36 18
1886.17 18
1960.24 19
2035.26 19
2110.26 19
2185.77 19
2260.28 19
2335.3 19
2410.31 19
2485.45 19
2560.34 19
2635.36 20
2710.37 20
2785.38 20
2860.4 21
2935.42 21
3010.43 21
3085.44 21
3160.45 21
3235.46 21
3310.62 21
3385.5 21
3460.54 21
3535.54 21
3610.55 21
3688.58 21
3760.6 21
3835.63 21
3910.64 21
3985.66 22
4060.68 23
4135.7 23
4210.7 23
4286.44 23
4360.74 23
4437.5 23
4510.78 23
4585.82 23
4665.7 23
4736.22 24
4811.23 24
4886.26 24
4961.27 24
5036.29 24
5111.3 24
5186.45 25
5263.59 25
5336.49 25
5411.37 25
5486.38 25
5561.41 25
5636.81 25
5711.45 25
5786.47 25
5861.48 25
5936.51 26
6011.51 26
6087.01 26
6162.02 27
6237.13 27
6314.37 27
6390.4 27
6469.27 27
6546.92 27
6625.31 27
6705.7 27
6782.88 27
6862.18 27
6940.44 27
7022.68 27
7103.54 27
7186.86 29
7266.95 29
7348.38 29
7430.81 29
7512.59 29
7596.91 29
7688.91 29
7776.11 29
7865.35 29
7951.86 29
8041.07 29
8127.73 30
8250.23 30
8372.32 31
8500.63 31
8616.61 31
8761.9 31
