12.644 0.0
90.148 1.0
164.908 1.0
239.934 1.0
314.942 1.0
389.953 1.0
464.978 1.0
540.739 1.0
619.39 1.0
690.034 1.0
765.417 1.0
840.047 1.0
915.069 1.0
990.351 1.0
1065.11 1.0
1140.49 1.0
1215.12 1.0
1290.13 1.0
1365.14 1.0
1440.15 1.0
1515.16 1.0
1590.18 1.0
1665.19 1.0
1740.21 1.0
1815.22 1.0
1890.23 1.0
1966.11 1.0
2040.62 1.0
2115.25 1.0
2190.51 1.0
2265.65 1.0
2340.29 1.0
2415.3 1.0
2490.32 1.0
2566.08 1.0
2640.35 1.0
2715.73 1.0
2790.74 1.0
2865.88 1.0
2940.4 1.0
3015.41 1.0
3090.43 1.0
3165.44 1.0
3240.46 1.0
3315.48 1.0
3391.47 1.0
3465.76 1.0
3540.78 1.0
3615.54 1.0
3690.56 1.0
3767.49 1.0
3840.62 1.0
3918.63 1.0
3992.66 1.0
4068.76 1.0
4143.56 1.0
4219.32 1.0
4295.34 1.0
4369.36 1.0
4443.99 1.0
4519.13 1.0
4594.31 1.0
4668.94 1.0
4745.71 1.0
4820.02 1.0
4895.22 1.0
4972.18 1.0
5044.78 1.0
5121.17 1.0
5194.32 1.0
5269.83 1.0
5345.1 1.0
5419.65 1.0
5494.25 1.0
5571.16 1.0
5644.3 1.0
5722.65 1.0
5795.3 1.0
5869.35 1.0
5943.74 1.0
6018.75 1.0
6095.49 1.0
6170.2 1.0
6246.87 1.0
6323.99 1.0
6398.88 1.0
6476.56 1.0
6556.47 1.0
6634.95 1.0
6716.47 1.0
6792.21 1.0
6872.45 1.0
6949.49 1.0
7032.83 1.0
7112.25 1.0
7196.11 1.0
7275.35 1.0
7360.57 1.0
7440.04 1.0
7522.04 1.0
7606.92 1.0
7699.76 1.0
7788.28 1.0
7874.59 1.0
7962.57 1.0
8052.07 1.0
8143.81 1.0
8259.18 1.0
8384.22 1.0
8511.97 1.0
8639.59 1.0
8786.98 1.0
