7.508 0.0
85.542 1.0
160.402 1.0
236.058 1.0
310.859 1.0
385.45 1.0
462.346 1.0
538.111 1.0
615.462 1.0
687.813 1.0
761.428 1.0
835.543 1.0
910.938 1.0
986.094 1.0
1060.83 1.0
1135.61 1.0
1210.8 1.0
1285.88 1.0
1361 1.0
1435.9 1.0
1511.12 1.0
1585.67 1.0
1663.57 1.0
1736.46 1.0
1811.96 1.0
1886.85 1.0
1961.21 1.0
2035.86 1.0
2111 1.0
2186.44 1.0
2261.13 1.0
2335.79 1.0
2411.09 1.0
2486.57 1.0
2560.82 1.0
2636.76 1.0
2710.91 1.0
2785.86 1.0
2861.18 1.0
2936.51 1.0
3010.91 1.0
3086.63 1.0
3161.19 1.0
3236.37 1.0
3311.23 1.0
3386.37 1.0
3461.9 1.0
3536.03 1.0
3611.37 1.0
3688.81 1.0
3761.96 1.0
3836.12 1.0
3911.12 1.0
3986.65 1.0
4061.29 1.0
4137.6 1.0
4211.92 1.0
4287.21 1.0
4361.37 1.0
4437.74 1.0
4512.19 1.0
4587.07 1.0
4666.06 1.0
4736.86 1.0
4812 1.0
4887.97 1.0
4961.88 1.0
5036.9 1.0
5111.79 1.0
5187.22 1.0
5264.07 1.0
5338.84 1.0
5412.03 1.0
5488.12 1.0
5562.27 1.0
5637.29 1.0
5711.94 1.0
5787.18 1.0
5861.97 1.0
5937.16 1.0
6012.13 1.0
6087.49 1.0
6162.75 1.0
6238.29 1.0
6314.99 1.0
6391.04 1.0
6470.31 1.0
6548.5 1.0
6626.39 1.0
6707.86 1.0
6784.28 1.0
6862.54 1.0
6941.19 1.0
7023.37 1.0
7104.18 1.0
7188.03 1.0
7268.23 1.0
7349.11 1.0
7431.77 1.0
7513.53 1.0
7597.9 1.0
7689.13 1.0
7778.48 1.0
7865.96 1.0
7952.69 1.0
8041.45 1.0
8129.44 1.0
8251.31 1.0
8373.12 1.0
8501.86 1.0
8619.94 1.0
8763.9 1.0
