8.956 0.0
86.773 0.9166666666666666
161.435 0.9444444444444444
236.063 0.9583333333333334
310.737 0.9666666666666667
386.497 0.9722222222222222
461.897 0.9761904761904762
537.301 0.9791666666666666
613.516 0.9811320754716981
686.572 0.9830508474576272
761.665 0.9846153846153847
836.801 0.9859154929577465
912.281 0.987012987012987
986.393 0.9879518072289156
1060.9 0.9887640449438202
1138.16 0.9894736842105263
1213.42 0.9900990099009901
1287.05 0.9906542056074766
1361.27 0.9910714285714286
1436.07 0.9915254237288136
1512.11 0.9919354838709677
1586.47 0.9923076923076923
1661.86 0.9926470588235294
1736.8 0.9929577464788732
1812.44 0.9932432432432432
1887.23 0.9935064935064936
1961.03 0.99375
2036.92 0.9939759036144579
2112.13 0.9941860465116279
2186.55 0.9943820224719101
2262.65 0.994535519125683
2337.04 0.9947089947089947
2411.72 0.9948717948717949
2487.36 0.9950248756218906
2562 0.9951690821256038
2636.84 0.9953051643192489
2712.28 0.9954337899543378
2787.42 0.9955555555555555
2863.27 0.9956709956709957
2936.95 0.9957805907172996
3012.34 0.9958847736625515
3087.01 0.9959839357429718
3162.11 0.996078431372549
3237.59 0.9961538461538462
3312.28 0.9962406015037594
3388.66 0.9963235294117647
3464.56 0.9964028776978417
3537.91 0.9964788732394366
3611.96 0.996551724137931
3686.72 0.9966216216216216
3762.76 0.9966887417218543
3837.03 0.9967532467532467
3914.21 0.9968152866242038
3988.45 0.996875
4062.46 0.9969325153374233
4137.23 0.9969879518072289
4211.87 0.9970414201183432
4288.37 0.997093023255814
4362.65 0.997134670487106
4437.02 0.9971830985915493
4511.57 0.997229916897507
4586.81 0.997275204359673
4662.44 0.9973190348525469
4737.63 0.9973614775725593
4814.64 0.9974025974025974
4887.79 0.9974424552429667
4965.18 0.9974811083123426
5038.59 0.9975186104218362
5113.11 0.9975550122249389
5187.97 0.9975903614457832
5262.87 0.9976190476190476
5337.29 0.9976525821596244
5413.53 0.9976851851851852
5487.3 0.997716894977169
5563.19 0.9977477477477478
5638.09 0.9977777777777778
5712.98 0.9978070175438597
5787.51 0.9978354978354979
5863.27 0.9978632478632479
5938.5 0.9978902953586498
6013.67 0.9979166666666667
6088.62 0.9979381443298969
6164.01 0.9979633401221996
6238.12 0.9979879275653923
6315.86 0.9980119284294234
6392.92 0.9980353634577603
6471.03 0.9980582524271845
6549.69 0.9980806142034548
6626.94 0.9981060606060606
6706.84 0.99812734082397
6785.42 0.9981481481481481
6863.55 0.9981684981684982
6942.33 0.9981884057971014
7024.95 0.9982078853046595
7108.98 0.99822695035461
7189.09 0.9982456140350877
7268.6 0.9982638888888888
7351.96 0.9982817869415808
7433.76 0.9982993197278912
7515.33 0.9983164983164983
7599.94 0.9983333333333333
7691.49 0.9983525535420099
7777.58 0.99836867862969
7867.26 0.9983844911147012
7953.61 0.9984
8041.31 0.9984177215189873
8132.46 0.9984326018808778
8248.89 0.9984496124031008
8373.22 0.9984662576687117
8502.72 0.9984825493171472
8622.5 0.9984984984984985
8765.82 0.9985163204747775
