15.057 0.0
93.432 1.0
167.569 1.0
242.597 1.0
317.605 1.0
392.617 1.0
467.641 1.0
542.657 1.0
621.806 1.0
693.192 1.0
767.704 1.0
843.465 1.0
918.486 1.0
992.936 1.0
1068.27 1.0
1142.78 1.0
1217.79 1.0
1293.17 1.0
1368.18 1.0
1443.69 1.0
1517.83 1.0
1594.1 1.0
1669.61 1.0
1742.87 1.0
1817.89 1.0
1893.64 1.0
1969.78 1.0
2043.16 1.0
2117.91 1.0
2192.92 1.0
2267.93 1.0
2342.95 1.0
2417.97 1.0
2493.23 1.0
2567.99 1.0
2643.01 1.0
2719.44 1.0
2793.78 1.0
2868.18 1.0
2943.07 1.0
3018.08 1.0
3093.47 1.0
3168.11 1.0
3243.12 1.0
3319.85 1.0
3393.28 1.0
3468.93 1.0
3543.19 1.0
3618.2 1.0
3693.47 1.0
3769.25 1.0
3843.28 1.0
3919.79 1.0
3995.07 1.0
4073.58 1.0
4144.73 1.0
4221.98 1.0
4296.24 1.0
4371.14 1.0
4445.62 1.0
4521.07 1.0
4595.96 1.0
4670.35 1.0
4746.38 1.0
4820.51 1.0
4896.41 1.0
4972.8 1.0
5046.32 1.0
5121.7 1.0
5195.6 1.0
5272.64 1.0
5347.01 1.0
5420.65 1.0
5495.66 1.0
5575.93 1.0
5646.81 1.0
5721.99 1.0
5798 1.0
5871.55 1.0
5945.41 1.0
6020.79 1.0
6097.41 1.0
6171.64 1.0
6247.64 1.0
6324.52 1.0
6401.07 1.0
6479.1 1.0
6557.02 1.0
6637.63 1.0
6716.51 1.0
6793.93 1.0
6873.36 1.0
6953.21 1.0
7034.62 1.0
7115.2 1.0
7197.81 1.0
7279.91 1.0
7358.53 1.0
7441.99 1.0
7523.98 1.0
7609.93 1.0
7700.73 1.0
7788.64 1.0
7876.86 1.0
7963.45 1.0
8055.43 1.0
8145.25 1.0
8263.86 1.0
8387.96 1.0
8513.19 1.0
8644.51 1.0
8795.91 1.0
