8.762 0.0
85.229 1.0
160.494 1.0
234.888 1.0
310.273 1.0
385.885 1.0
460.685 1.0
536.749 1.0
611.589 1.0
685.778 1.0
760.515 1.0
835.5 1.0
911.03 1.0
985.057 1.0
1060.46 1.0
1138.05 1.0
1212.96 1.0
1285.24 1.0
1360.61 1.0
1435.64 1.0
1510.57 1.0
1585.99 1.0
1661.49 1.0
1735.16 1.0
1811.24 1.0
1886.21 1.0
1960.68 1.0
2035.33 1.0
2110.36 1.0
2186.13 1.0
2261.1 1.0
2335.62 1.0
2410.63 1.0
2485.97 1.0
2560.64 1.0
2635.67 1.0
2710.57 1.0
2785.78 1.0
2860.6 1.0
2935.6 1.0
3010.62 1.0
3086.52 1.0
3161.66 1.0
3235.97 1.0
3310.71 1.0
3385.7 1.0
3463.23 1.0
3535.61 1.0
3610.74 1.0
3685.26 1.0
3763.12 1.0
3836.16 1.0
3912.53 1.0
3985.61 1.0
4061 1.0
4137.62 1.0
4211.33 1.0
4286.57 1.0
4361.72 1.0
4436.1 1.0
4511.6 1.0
4586.4 1.0
4662.06 1.0
4737.57 1.0
4812.25 1.0
4887.2 1.0
4963.84 1.0
5039.26 1.0
5111.57 1.0
5187.49 1.0
5262.36 1.0
5336.1 1.0
5412.19 1.0
5486.32 1.0
5561.69 1.0
5636.68 1.0
5711.56 1.0
5786.42 1.0
5861.68 1.0
5936.58 1.0
6012.33 1.0
6087.58 1.0
6162.22 1.0
6237.58 1.0
6314.34 1.0
6390.95 1.0
6469.35 1.0
6546.96 1.0
6626.08 1.0
6704.77 1.0
6783.79 1.0
6861.62 1.0
6943.21 1.0
7025.33 1.0
7103.64 1.0
7187.53 1.0
7267.46 1.0
7349.56 1.0
7431.9 1.0
7513.3 1.0
7597.58 1.0
7688.99 1.0
7776.85 1.0
7866.01 1.0
7952.7 1.0
8040.39 1.0
8129.75 1.0
8251.39 1.0
8372.21 1.0
8497.1 1.0
8617.72 1.0
8762.33 1.0
