8.758 0.0
86.883 1.0
161.902 1.0
236.676 1.0
311.93 1.0
386.947 1.0
462.59 1.0
539.104 1.0
613.883 1.0
687.024 1.0
762.907 1.0
837.162 1.0
912.554 1.0
986.964 1.0
1061.97 1.0
1138.73 1.0
1211.24 1.0
1287.5 1.0
1362.38 1.0
1436.9 1.0
1512.4 1.0
1587.29 1.0
1662.56 1.0
1736.83 1.0
1812.71 1.0
1888.22 1.0
1962.6 1.0
2040.87 1.0
2112.49 1.0
2187.38 1.0
2262.51 1.0
2337.28 1.0
2412.55 1.0
2487.94 1.0
2562.31 1.0
2637.84 1.0
2713.97 1.0
2788.73 1.0
2863.38 1.0
2938.39 1.0
3012.66 1.0
3087.92 1.0
3162.94 1.0
3237.7 1.0
3312.47 1.0
3390.11 1.0
3462.01 1.0
3538.02 1.0
3612.53 1.0
3687.18 1.0
3762.83 1.0
3837.48 1.0
3914.25 1.0
3988.53 1.0
4062.78 1.0
4138.06 1.0
4213.06 1.0
4288.58 1.0
4363.22 1.0
4438.23 1.0
4512.76 1.0
4587.92 1.0
4662.93 1.0
4740.17 1.0
4814.86 1.0
4888.48 1.0
4962.25 1.0
5038.16 1.0
5113.41 1.0
5189.05 1.0
5263.44 1.0
5337.83 1.0
5413.6 1.0
5488.49 1.0
5563.76 1.0
5638.16 1.0
5713.43 1.0
5788.2 1.0
5863.59 1.0
5938.99 1.0
6013.74 1.0
6089.11 1.0
6164.38 1.0
6238.86 1.0
6315.98 1.0
6393.39 1.0
6471.15 1.0
6549.99 1.0
6627.43 1.0
6708.18 1.0
6786.03 1.0
6864.03 1.0
6943.37 1.0
7025.24 1.0
7109.05 1.0
7189.65 1.0
7269.47 1.0
7353.37 1.0
7434.47 1.0
7515.3 1.0
7599.81 1.0
7691.98 1.0
7778.65 1.0
7868.07 1.0
7954.26 1.0
8041.82 1.0
8133.28 1.0
8249.86 1.0
8377.07 1.0
8498.21 1.0
8620.79 1.0
8767.16 1.0
