23.18 1
60.8 1
102.053 1
138.103 1
177.917 1
214.898 1
255.106 1
291.981 1
330.987 1
368 1
407.033 1
448.058 1
485.074 1
525.106 1
561.563 1
599.188 1
637.575 1
675.199 1
715.258 1
757.259 1
793.261 1
833.324 1
875.311 1
911.376 1
951.354 1
992.987 1
1029.44 1
1066.37 1
1106.47 1
1148.54 1
1188.55 1
1224.55 1
1263.56 1
1299.63 1
1337.62 1
1373.67 1
1410.07 1
1451.73 1
1490.75 1
1527.79 1
1563.92 1
1599.83 1
1636.82 1
1673.88 1
1714.23 1
1749.93 1
1785.96 1
1821.99 1
1862 1
1902.03 1
1942.03 1
1982.04 1
2024.07 1
2061.12 1
2097.15 1
2133.18 1
2175.21 1
2214.23 1
2256.25 1
2292.24 1
2329.3 1
2369.32 1
2406.31 1
2442.36 1
2484.54 1
2524.37 1
2563.65 1
2601.47 1
2643.48 1
2683.48 1
2723.53 1
2760.55 1
2796.57 1
2835.56 1
2872.63 1
2909.65 1
2951.69 1
2987.71 1
3027.73 1
3064.74 1
3101.74 1
3142.8 1
3183.79 1
3223.84 1
3263.87 1
3300.85 1
3339.91 1
3375.91 1
3411.95 1
3452.96 1
3491.97 1
3530 1
3569.04 1
3611.66 1
3650.06 1
3692.1 1
3734.24 1
3772.16 1
3811.16 1
3852.37 1
3893.41 1
3933.27 1
3974.28 1
4015.49 1
4051.33 1
4092.34 1
4133.36 1
4172.42 1
4212.03 1
4247.45 1
4284.74 1
4321.5 1
4358.56 1
4400.59 1
4438.61 1
4476.61 1
4513.67 1
4554.66 1
4592.71 1
4630.74 1
4668.77 1
4707.77 1
4749.97 1
4791.81 1
4829.83 1
4865.87 1
4905.89 1
4946.92 1
4988.96 1
5031.02 1
5070.01 1
5108.38 1
5148.09 1
5185.25 1
5221.1 1
5257.14 1
5299.15 1
5335.19 1
5373.21 1
5410.26 1
5447.26 1
5486.47 1
5526.32 1
5562.51 1
5600.37 1
5639.43 1
5680.43 1
5716.87 1
5754.49 1
5795.54 1
5833.53 1
5872.06 1
5911.58 1
5951.6 1
5991.64 1
6029.69 1
6067.69 1
6108.73 1
6150.77 1
6192.86 1
6228.88 1
6266.91 1
6304.85 1
6341.9 1
6379.91 1
6422.12 1
6460.98 1
6497.01 1
6539.28 1
6578.56 1
6619.77 1
6656.6 1
6694.62 1
6736.98 1
6774.24 1
6810.29 1
6847.29 1
6883.34 1
6922.71 1
6964.49 1
7000.56 1
7038.95 1
7074.97 1
7117.02 1
7156.05 1
7198.26 1
7237.06 1
7278.68 1
7319.55 1
7361.78 1
7403.84 1
7443.27 1
7483.6 1
7524.65 1
7563.24 1
7599.32 1
7641.39 1
7679.4 1
7721.73 1
7759.24 1
7799.82 1
7837.18 1
7874.57 1
7915.07 1
7954.53 1
7991.82 1
8034.13 1
8072.62 1
8110.64 1
8147.27 1
8188.27 1
8230.53 1
8272.46 1
8309.52 1
8349.36 1
8390.03 1
8425.7 1
8465.97 1
8507.28 1
8543.97 1
8586.82 1
8625.37 1
8664.98 1
8702.7 1
8741.3 1
8782.68 1
8824.37 1
8865.86 1
8905.89 1
8946.15 1
8986.71 1
9025.94 1
9069.43 1
