23.145 1
62.458 1
101.707 1
140.083 1
181.095 1
222.099 1
259.094 1
299.086 1
339.225 1
380.234 1
420.27 1
458.281 1
495.653 1
533.496 1
571.277 1
613.544 1
647.422 1
683.431 1
723.44 1
762.598 1
800.437 1
844.103 1
883.489 1
923.753 1
963.896 1
1004.15 1
1046.16 1
1082.66 1
1118.64 1
1155.66 1
1191.8 1
1233.78 1
1272.78 1
1312.81 1
1351.79 1
1392.8 1
1429.93 1
1466.92 1
1502.93 1
1538.97 1
1580.98 1
1619.24 1
1659.56 1
1695.1 1
1732.11 1
1769.11 1
1809.65 1
1846.13 1
1884.31 1
1922.26 1
1965.91 1
2000.29 1
2037.42 1
2078.27 1
2118.56 1
2160.41 1
2197.44 1
2236.41 1
2277.43 1
2314.47 1
2355.45 1
2395.6 1
2437.11 1
2475.62 1
2511.92 1
2554.23 1
2591.9 1
2628.74 1
2665.75 1
2706.76 1
2743.8 1
2787.89 1
2821.78 1
2861.7 1
2898.92 1
2937.33 1
2978.93 1
3018.72 1
3054.95 1
3090.98 1
3128.96 1
3168.99 1
3205.1 1
3243.77 1
3280.02 1
3321.16 1
3358.16 1
3397.17 1
3439.16 1
3478.3 1
3518.32 1
3558.34 1
3601.09 1
3641.35 1
3681.35 1
3722.38 1
3761.02 1
3796.37 1
3833.42 1
3872.52 1
3911.49 1
3948.55 1
3986.58 1
4023.81 1
4064.6 1
4105.61 1
4145.61 1
4186.72 1
4228.72 1
4266.73 1
4304.73 1
4343.78 1
4381.79 1
4422.79 1
4458.91 1
4500.93 1
4542.96 1
4581.95 1
4618.95 1
4660.13 1
4699.98 1
4740.95 1
4776.65 1
4813.4 1
4849.14 1
4888.3 1
4926.18 1
4966.19 1
5005.16 1
5046.96 1
5081.34 1
5122.36 1
5162.1 1
5197.37 1
5238.38 1
5275.38 1
5314.4 1
5353.39 1
5389.53 1
5431.55 1
5467.55 1
5505.56 1
5542.53 1
5578.95 1
5618.58 1
5655.6 1
5697.73 1
5737.72 1
5779.76 1
5821.77 1
5858.75 1
5895.79 1
5937.8 1
5976.8 1
6015.94 1
6056.91 1
6098.05 1
6133.93 1
6174.04 1
6214.01 1
6255.05 1
6294.01 1
6334.3 1
6373.01 1
6411.25 1
6451.49 1
6487.73 1
6527.79 1
6564.02 1
6604.82 1
6641.04 1
6676.97 1
6717.96 1
6756.08 1
6795.98 1
6833.13 1
6874.22 1
6909.25 1
6953.86 1
6991.27 1
7028.57 1
7069.64 1
7105.4 1
7144.66 1
7185.9 1
7221.86 1
7262.09 1
7298.47 1
7337.46 1
7377.23 1
7417.48 1
7457.56 1
7496.34 1
7534.5 1
7572.91 1
7610.99 1
7646.79 1
7682.86 1
7719.67 1
7761.6 1
7799.78 1
7840.92 1
7880.94 1
7919.51 1
7964.56 1
8001.16 1
8037.17 1
8078.29 1
8118.56 1
8154.08 1
8197.23 1
8238.31 1
8276.33 1
8315.37 1
8353.08 1
8391.26 1
8433.35 1
8473.17 1
8514.61 1
8549.7 1
8588.91 1
8646.38 1
8671.14 1
8709.91 1
8746.67 1
8799.13 1
8831.39 1
8869.38 1
8905.85 1
8946.06 1
8990.43 1
9030.46 1
