20.374 1
60.378 1
101.414 1
142.407 1
180.052 1
217.632 1
255.701 1
296.83 1
338.584 1
374.716 1
414.601 1
450.605 1
486.614 1
522.587 1
561.726 1
598.728 1
637.749 1
677.794 1
713.757 1
752.764 1
788.896 1
829.897 1
867.912 1
909.944 1
952.22 1
987.984 1
1025.96 1
1065.96 1
1106.08 1
1146.12 1
1182.1 1
1219.13 1
1255.11 1
1294.13 1
1333.23 1
1371.27 1
1410.25 1
1446.29 1
1483.28 1
1524.26 1
1564.93 1
1601.44 1
1642.44 1
1678.81 1
1714.46 1
1752.46 1
1793.46 1
1833.61 1
1875.61 1
1913.58 1
1952.62 1
1991.79 1
2027.62 1
2065.6 1
2107.76 1
2148.73 1
2187.64 1
2223.74 1
2262.77 1
2302.14 1
2337.8 1
2374.9 1
2412.82 1
2447.94 1
2488.2 1
2521.95 1
2562.58 1
2600.97 1
2638.1 1
2677.61 1
2720.74 1
2758.12 1
2796.12 1
2838.15 1
2876.66 1
2912.16 1
2953.16 1
2991.29 1
3030.31 1
3068.28 1
3110.29 1
3151.29 1
3191.33 1
3232.3 1
3271.46 1
3308.58 1
3348.49 1
3390.99 1
3425.49 1
3467.77 1
3506.52 1
3546.54 1
3585.51 1
3626.67 1
3663.68 1
3701.69 1
3740.7 1
3776.83 1
3813.74 1
3854.75 1
3891.78 1
3930.78 1
3972.91 1
4012.89 1
4048.92 1
4086.89 1
4124.92 1
4163.92 1
4203.92 1
4241.07 1
4279.06 1
4316.07 1
4353.08 1
4391.08 1
4431.09 1
4467.11 1
4506.15 1
4542.27 1
4583.3 1
4624.32 1
4664.82 1
4701.33 1
4740.84 1
4776.32 1
4815.35 1
4853.36 1
4892.5 1
4928.51 1
4967.64 1
5009.52 1
5048.53 1
5086.51 1
5124.56 1
5161.53 1
5198.57 1
5235.67 1
5273.71 1
5310.69 1
5350.73 1
5387.7 1
5424.74 1
5460.88 1
5497.88 1
5536.89 1
5578.9 1
5616.88 1
5652.93 1
5692.94 1
5732.2 1
5771.93 1
5811.06 1
5850.1 1
5891.09 1
5927.12 1
5968.1 1
6009.13 1
6051.23 1
6089.37 1
6126.25 1
6165.27 1
6207.36 1
6243.37 1
6279.35 1
6317.36 1
6354.44 1
6393.65 1
6433.92 1
6471.41 1
6513.04 1
6552.39 1
6589.5 1
6627.69 1
6668.57 1
6708.44 1
6743.01 1
6783.23 1
6821.22 1
6861.18 1
6899.52 1
6935.69 1
6975.59 1
7016.65 1
7054.23 1
7096.16 1
7136.41 1
7176.59 1
7214.69 1
7256.77 1
7295.9 1
7338 1
7377.1 1
7413.28 1
7451.37 1
7487.32 1
7529.69 1
7567.77 1
7609.02 1
7651.22 1
7692.24 1
7733.35 1
7773.85 1
7810.05 1
7848.88 1
7889.97 1
7930.89 1
7967.51 1
8003.21 1
8042.73 1
8080.1 1
8118.46 1
8161.29 1
8201.57 1
8243.94 1
8284.02 1
8326.87 1
8364.1 1
8401.64 1
8438.11 1
8480.86 1
8517.72 1
8557.14 1
8594.64 1
8632.43 1
8673.55 1
8713.54 1
8753.31 1
8793.44 1
8830.18 1
8873.47 1
8916.37 1
8958.01 1
8996.83 1
9034.99 1
