22.754 1
58.643 1
100.667 1
138.782 1
177.8 1
213.779 1
251.798 1
289.803 1
332.094 1
371.819 1
413.819 1
455.832 1
496.363 1
538.506 1
574.012 1
620.883 1
651.648 1
690.422 1
727.06 1
766.055 1
807.155 1
845.47 1
882.205 1
921.461 1
960.229 1
1001.24 1
1043.25 1
1085.26 1
1126.5 1
1168.64 1
1206.39 1
1245.4 1
1283.37 1
1323.37 1
1361.93 1
1401.51 1
1442.54 1
1483.8 1
1519.55 1
1555.54 1
1592.44 1
1630.67 1
1669.17 1
1708.69 1
1746.72 1
1785.7 1
1825.08 1
1859.75 1
1898.84 1
1939.88 1
1975.88 1
2015.89 1
2052.89 1
2089.86 1
2128.86 1
2171.4 1
2208.03 1
2245.03 1
2283.05 1
2320.06 1
2359.06 1
2399.19 1
2437.48 1
2474.18 1
2516.18 1
2555.34 1
2597.23 1
2640.73 1
2677.37 1
2718.05 1
2754.35 1
2791.13 1
2827.36 1
2868.66 1
2908.39 1
2946.42 1
2984.52 1
3026.53 1
3064.54 1
3104.58 1
3142.55 1
3180.56 1
3218.57 1
3257.69 1
3298.3 1
3333.72 1
3370.72 1
3409.72 1
3446.75 1
3483.79 1
3521.76 1
3562.89 1
3600.9 1
3639.9 1
3679.91 1
3716.96 1
3754.94 1
3793.96 1
3829.97 1
3866.98 1
3904.11 1
3940.13 1
3981.14 1
4023.14 1
4064.18 1
4104.17 1
4140.21 1
4178.33 1
4219.96 1
4254.34 1
4296.97 1
4337.36 1
4373.34 1
4411.38 1
4451.52 1
4490.41 1
4526.54 1
4567.55 1
4609.57 1
4646.54 1
4683.57 1
4724.6 1
4760.6 1
4800.73 1
4838.86 1
4878.76 1
4914.74 1
4952.74 1
4991.77 1
5030.91 1
5071.05 1
5109.06 1
5149.94 1
5187.45 1
5225.96 1
5264.97 1
5302.24 1
5345.49 1
5381.99 1
5422.25 1
5455.1 1
5491.11 1
5530.15 1
5572.98 1
5613.17 1
5652.19 1
5691.17 1
5732.84 1
5773.34 1
5814.35 1
5853.37 1
5892.37 1
5933.39 1
5973.36 1
6015.52 1
6056.47 1
6097.08 1
6138.49 1
6177.62 1
6215.62 1
6256.67 1
6297.62 1
6334.6 1
6374.64 1
6414.05 1
6455.4 1
6492.05 1
6532.45 1
6568.14 1
6606.17 1
6642.62 1
6685.13 1
6724.04 1
6763.68 1
6802.64 1
6838.77 1
6876.52 1
6917.39 1
6956.32 1
6996.77 1
7038.4 1
7074.43 1
7113.64 1
7155.69 1
7192.37 1
7230.06 1
7270.49 1
7312.26 1
7350.26 1
7387.29 1
7427.33 1
7465.69 1
7505.51 1
7543.08 1
7580.32 1
7616.63 1
7654.59 1
7695.13 1
7732.98 1
7770.86 1
7810.82 1
7851.24 1
7892.46 1
7931.82 1
7975.24 1
8014.95 1
8057.32 1
8095.9 1
8132.82 1
8175.24 1
8218.15 1
8260.71 1
8299.24 1
8336.69 1
8375.69 1
8412.24 1
8454.32 1
8495.5 1
8536.2 1
8578.99 1
8615.76 1
8654.57 1
8695.05 1
8736.12 1
8775.92 1
8818.66 1
8854.28 1
8893.1 1
8935.85 1
8977.15 1
9018.66 1
9055.51 1
