24.786 1
64.041 1
99.79 1
142.045 1
179.93 1
218.923 1
256.023 1
296.956 1
337.185 1
373.972 1
415.972 1
452.105 1
494.125 1
534.457 1
573.138 1
616.782 1
651.895 1
691.168 1
732.172 1
769.175 1
805.317 1
842.669 1
881.297 1
917.716 1
955.325 1
995.331 1
1035.36 1
1077.47 1
1116.5 1
1152.5 1
1191.48 1
1228.51 1
1265.52 1
1306.62 1
1343.65 1
1383.66 1
1423.63 1
1460.67 1
1497.64 1
1537.65 1
1578.79 1
1619.79 1
1657.8 1
1696.85 1
1738.85 1
1775.82 1
1815.86 1
1855.96 1
1892.28 1
1932.97 1
1972 1
2011.97 1
2051.98 1
2091.14 1
2131.14 1
2171.12 1
2211.12 1
2251.12 1
2290.17 1
2329.18 1
2366.31 1
2404.31 1
2442.29 1
2480.32 1
2518.33 1
2555.12 1
2592.32 1
2632.48 1
2673.47 1
2713.5 1
2755.51 1
2793.5 1
2832.52 1
2869.91 1
2911.54 1
2951.64 1
2993.64 1
3034.95 1
3074.69 1
3116.7 1
3153.71 1
3194.68 1
3233.85 1
3270.81 1
3309.87 1
3350.87 1
3386.88 1
3422.85 1
3463.4 1
3499.89 1
3538.92 1
3580.02 1
3616.18 1
3655.03 1
3697.07 1
3735.21 1
3775.11 1
3816.12 1
3853.34 1
3894.32 1
3932.28 1
3974.29 1
4016.4 1
4056.3 1
4096.31 1
4138.56 1
4172.3 1
4212.95 1
4251.47 1
4292.6 1
4330.46 1
4370.71 1
4409.5 1
4447.5 1
4488.5 1
4526.55 1
4566.68 1
4603.69 1
4642.66 1
4684.8 1
4726.69 1
4768.7 1
4808.7 1
4844.72 1
4884.75 1
4920.86 1
4964.2 1
5001.9 1
5039.92 1
5076.9 1
5114.93 1
5150.94 1
5188.97 1
5223.96 1
5260.09 1
5302.11 1
5341.1 1
5377.12 1
5419.91 1
5459.14 1
5496.65 1
5536.11 1
5573.23 1
5611.26 1
5648.31 1
5685.32 1
5722.91 1
5761.34 1
5802.34 1
5843.36 1
5883.46 1
5921.51 1
5959.51 1
5997.51 1
6036.71 1
6075.48 1
6114.64 1
6153.64 1
6193.59 1
6229.59 1
6267.64 1
6307.74 1
6348.79 1
6388.74 1
6429.9 1
6465.9 1
6502.25 1
6542.32 1
6584.34 1
6622.45 1
6664.62 1
6703.48 1
6745.79 1
6784.92 1
6821.85 1
6863.81 1
6900.3 1
6942.61 1
6980.6 1
7018.41 1
7059.92 1
7102.19 1
7142.21 1
7183.66 1
7219.64 1
7259.75 1
7297.41 1
7337.19 1
7379.44 1
7417.47 1
7453.48 1
7491.49 1
7529.47 1
7567.54 1
7605.03 1
7643.84 1
7686.14 1
7728.4 1
7766.37 1
7804.36 1
7842.51 1
7881.91 1
7921.36 1
7959.56 1
7997.87 1
8043.22 1
8075.7 1
8112.72 1
8152.29 1
8189.34 1
8227.57 1
8264.83 1
8302.18 1
8337.96 1
8378.17 1
8414.81 1
8454.57 1
8493.69 1
8530.52 1
8572.25 1
8613.25 1
8652.93 1
8690.39 1
8726.82 1
8768.23 1
8805.4 1
8850.88 1
8889.28 1
8928.16 1
8969.78 1
9009.04 1
9050.72 1
