22.72 1
62.719 1
101.76 1
141.773 1
179.78 1
217.768 1
253.834 1
295.857 1
336.877 1
377.913 1
417.942 1
459.95 1
495.985 1
534.997 1
573.141 1
613.702 1
651.092 1
693.107 1
733.118 1
771.156 1
810.187 1
850.19 1
886.247 1
924.246 1
964.286 1
1004.33 1
1046.35 1
1087.34 1
1126.4 1
1166.39 1
1204.43 1
1242.45 1
1284.51 1
1323.77 1
1363.58 1
1405.58 1
1445.62 1
1483.6 1
1525.66 1
1563.69 1
1599.71 1
1640.74 1
1678.97 1
1719.78 1
1758.79 1
1796.86 1
1833.88 1
1873.87 1
1914.94 1
1951.93 1
1992.21 1
2029.02 1
2069.03 1
2109.05 1
2145.07 1
2185.1 1
2225.13 1
2265.15 1
2304.16 1
2345.19 1
2385.21 1
2422.24 1
2458.23 1
2496.3 1
2534.29 1
2574.34 1
2615.37 1
2654.37 1
2691.39 1
2732.41 1
2771.47 1
2807.47 1
2846.49 1
2886.51 1
2923.53 1
2963.57 1
3003.59 1
3040.64 1
3078.64 1
3117.7 1
3156.71 1
3198.74 1
3240.73 1
3279.76 1
3318.03 1
3355.81 1
3394.32 1
3434.88 1
3476.89 1
3512.89 1
3552.92 1
3588.97 1
3624.95 1
3663.02 1
3703.04 1
3742.07 1
3782.06 1
3818.11 1
3856.14 1
3892.16 1
3928.17 1
3968.19 1
4004.21 1
4041.23 1
4077.3 1
4119.29 1
4161.32 1
4202.34 1
4243.4 1
4284.42 1
4326.44 1
4368.8 1
4407.49 1
4443.51 1
4484.53 1
4525.56 1
4562.59 1
4602.59 1
4642.89 1
4681.63 1
4722.67 1
4758.69 1
4796.75 1
4838.74 1
4876.77 1
4917.83 1
4954.84 1
4994.83 1
5030.86 1
5071.92 1
5109.94 1
5147.94 1
5186.22 1
5226 1
5263.23 1
5302.23 1
5342.08 1
5381.06 1
5423.13 1
5465.16 1
5501.16 1
5539.22 1
5576.66 1
5618.27 1
5660.26 1
5696.31 1
5736.36 1
5774.34 1
5816.41 1
5855.43 1
5893.46 1
5929.48 1
5969.5 1
6008.49 1
6049.54 1
6090.56 1
6126.57 1
6165.62 1
6201.61 1
6239.96 1
6276.68 1
6318.71 1
6354.74 1
6393.17 1
6432.89 1
6473.91 1
6512.93 1
6550.15 1
6586.18 1
6624.19 1
6664.24 1
6704.43 1
6741.24 1
6777.78 1
6814.1 1
6852.22 1
6891.29 1
6932.3 1
6970.76 1
7012.77 1
7054.6 1
7090.22 1
7128.5 1
7170.31 1
7208.71 1
7249.28 1
7291.35 1
7330.73 1
7369.96 1
7412.61 1
7450.77 1
7486.71 1
7525.75 1
7568.19 1
7606.49 1
7645.48 1
7686.53 1
7722.65 1
7761.86 1
7800.04 1
7837.21 1
7877.84 1
7913.61 1
7953.75 1
7991.05 1
8033.81 1
8074.85 1
8116.3 1
8152.3 1
8189.35 1
8231.45 1
8272.17 1
8314.43 1
8355.41 1
8395.64 1
8436.71 1
8477.07 1
8517.46 1
8558.27 1
8595.02 1
8637.85 1
8676.48 1
8718.06 1
8758.07 1
8796.88 1
8833.59 1
8875.07 1
8912.73 1
8949.41 1
8995.41 1
9031.47 1
9069.77 1
