414.652 332.512
607.568 241.7
627.954 225.684
668.794 219.771
1004.05 316.538
1176.98 327.615
1422.15 256.627
1806.89 297.647
1938.34 252.741
1979.09 281.048
2264.34 259.772
2812.4 283.735
2934.35 253.124
3015.59 282.752
3208.63 283.448
3411.56 284.465
3654.97 269.498
3715.83 268.818
3797.06 192.637
3899.14 267.458
3980.86 267.343
4043.09 284.469
4164.93 277.054
4185.28 237.663
4529.91 157.932
4631.88 156.783
5039.48 243.67
5060.1 482.085
5080.47 279.723
5121.7 272.615
5467.46 279.132
5487.82 265.613
5508.06 156.278
