133.566 425.239
194.823 244.903
276.733 194.923
317.607 208.899
378.67 264.228
521.881 184.42
582.836 244.904
673.802 239.29
1097.9 236.713
1331.32 251.383
1352.22 657.388
1393.04 204.355
1626.47 221.779
1646.82 251.893
1728.56 259.681
1810.13 246.871
1912.48 140.835
1973.59 137.689
2216.87 141.063
2257.48 130.8
2449.17 148.639
2571.99 137.444
2592.23 145.228
2815.79 155.601
2876.64 201.014
2917.24 135.356
3039.07 196.245
3221.89 214.595
3302.85 149.151
3567.01 140.519
3678.84 140.376
3719.45 140.099
3800.58 169.77
4003.11 138.582
4043.72 155.317
4145.43 146.515
4348.61 260.235
4368.99 282.492
4675.74 279.024
4757.34 266.638
4838.93 261.888
5000.75 335.925
5488.7 286.581
5550.34 534.193
5632.52 716.259
5815.21 212.252
5876.31 285.173
5937.42 272.273
