20.29 294.847
102.064 303.215
224.432 325.134
244.938 335.167
780.846 308.546
882.31 360.295
1218.57 581.621
1319.92 630.595
1451.61 377.398
1635.54 382.509
1757.88 265.218
2172.47 261.86
2315.68 315.891
2416.63 276.647
2457.49 266.992
2477.86 260.889
2660.93 263.915
2843.49 337.706
2884.22 266.098
3087.14 272.053
3148 335.43
3188.73 269.099
3209.1 266.538
3463.14 287.733
3604.96 291.982
4153.39 393.693
4235.36 511.294
4500.91 404.267
5069.44 654.532
5212.02 661.607
5273.13 407.076
5457.67 390.818
5478.17 399.891
