-26.569 307.786
-6.205 212.866
14.29 326.775
75.784 325.889
116.641 307.872
177.485 230.534
419.387 216.675
753.901 273.936
794.643 255.142
814.989 236.636
1241.47 252.338
1323.19 237.596
1364.04 276.42
1466.5 494.44
1588.58 251.506
1608.95 265.381
1670.31 261.592
1770.9 274.988
1811.52 268.716
2003.18 253.623
2064.16 272.918
2308.57 276.494
2511.88 270.512
2816.52 217.916
2856.88 208.708
2978.71 279.116
3100.66 264.889
3182.76 264.17
3334.46 260.933
3496.65 195.175
3638.35 269.398
3658.72 279.987
3679.09 264.261
3699.45 278.905
3740.06 278.415
3841.65 280.552
4065.95 157.953
4392.84 157.633
4433.44 160.209
4514.29 145.769
4534.53 161.572
4696.61 156.206
4717.09 341.494
4757.57 143.573
4797.94 219.102
4961.13 217.683
5042.6 142.252
5430.21 141.32
5531.93 158.399
