151.702 11.4687
301.647 30.044
451.589 48.7716
601.534 72.1841
751.486 88.8256
914.069 105.849
1066.64 127.997
1201.32 137.672
1351.39 150.005
1501.22 161.231
1651.16 175.353
1801.11 185.875
1951.06 199.008
2101 209.26
2250.95 220.143
2400.89 230.486
2550.84 243.35
2700.79 257.655
2850.73 268.539
3000.68 277.263
3150.63 289.228
3300.57 297.051
3450.52 308.477
3600.47 317.561
3750.41 330.787
3900.36 339.331
4050.31 349.947
4200.26 357.862
4350.2 368.027
4500.15 380.712
4650.1 393.398
4800.17 408.974
4950.11 421.75
5100.06 434.525
5250.13 453.611
5399.95 469.796
5549.9 492.831
5699.85 512.986
5849.8 533.501
5999.74 554.376
