152.161 14.5162
302.11 26.8274
452.053 40.6848
602.123 50.9396
752.069 63.625
902.018 73.0635
1058.98 89.59
1210.8 108.972
1359.37 125.606
1510.94 155.023
1651.75 169.469
1802.2 185.987
1958.78 203.322
2114.61 216.958
2253.43 242.018
2410.37 295.03
2551.43 312.295
2701.38 320.923
2852.2 333.707
3001.52 351.177
3151.22 364.911
3301.16 370.39
3458.23 383.864
3609.55 424.484
3751 445.619
3900.95 449.39
4050.89 459.371
4200.85 466.294
4350.79 475.106
4500.74 483.379
4650.69 493.903
4800.63 498.306
4950.7 507.942
5100.65 514.146
5250.6 522.959
5400.54 528.173
5550.49 539.508
5700.44 547.242
5850.38 554.616
