153.928 26.414
304.124 36.4949
453.82 48.468
603.773 55.0641
753.715 64.6687
903.663 71.5701
1053.61 80.9172
1203.56 87.3783
1353.5 96.64
1503.7 105.56
1653.4 114.084
1803.34 122.267
1953.29 130.089
2103.23 137.551
2253.31 146.014
2403.13 152.839
2553.07 160.844
2703.02 167.047
2852.97 174.602
3002.92 180.175
3152.86 191.063
3302.81 198.168
3452.76 205.094
3602.7 214
3752.65 222.907
3902.72 231.822
4052.54 240.721
4202.49 247.106
4352.43 255.923
4502.38 262.039
4652.33 270.766
4802.28 279.493
4952.22 288.219
5102.17 293.885
