155.672 13.5435
305.608 25.3043
455.555 34.44
605.501 42.8695
766.461 55.1852
905.394 63.5587
1055.34 72.8184
1205.29 79.5488
1355.24 87.8193
1505.18 95.7292
1655.12 104.273
1805.07 110.47
1955.02 118.474
2105.09 126.305
2254.91 135.295
2404.86 142.849
2554.8 151.755
2704.75 157.417
2854.7 166.143
3004.9 173.082
3154.59 179.812
3304.54 188.359
3454.86 196.927
3604.43 203.29
3754.38 211.747
3904.32 217.861
4054.27 226.228
4204.22 232.073
4354.17 240.35
4504.11 245.924
4654.06 254.112
4804.01 259.416
4954.08 267.52
5104.03 275.617
5253.97 283.714
5403.92 291.812
5553.86 299.909
5703.81 304.584
