152.071 14.9638
302.013 32.0738
451.96 50.4387
602.032 62.8521
751.974 80.762
901.927 91.9966
1051.87 109.184
1201.82 121.143
1351.76 137.068
1501.71 149.57
1651.65 164.505
1801.61 183.764
1951.55 200.229
2101.49 213.091
2251.45 229.647
2401.39 240.619
2551.34 254.113
2701.28 264.185
2851.24 278.851
3001.18 289.914
3151.12 304.399
3301.07 312.941
3451.01 327.156
3600.97 337.051
3750.91 351.085
3900.86 360.439
4050.8 374.294
4200.74 388.149
4350.69 399.394
4500.64 407.758
4650.59 421.343
4800.54 432.048
4950.48 442.573
5100.43 455.979
5250.38 466.233
5400.32 476.309
