151.563 15.5504
301.508 27.3166
451.452 39.0055
601.4 49.4351
751.347 59.9575
901.292 69.2192
1061.25 81.5042
1201.19 90.8098
1351.13 100.524
1501.08 108.978
1651.03 117.883
1800.97 126.428
1950.92 135.784
2100.87 142.439
2250.81 151.255
2400.76 157.01
2550.71 165.286
2700.65 173.382
2850.6 181.298
3000.55 189.034
3150.49 196.591
3300.44 205.947
3450.39 213.234
3600.33 220.34
3750.28 229.517
3900.23 236.354
4050.17 245.441
4200.12 252.007
4350.07 258.394
4500.01 264.601
4649.96 273.418
4799.9 279.354
4949.85 288.081
5099.8 296.808
5249.74 302.385
5399.69 311.022
5549.64 319.659
