151.702 1.26
301.647 1.66
451.589 1.80
601.534 2.00
751.486 1.97
914.069 1.93
1066.64 2.00
1201.32 1.91
1351.39 1.85
1501.22 1.79
1651.16 1.77
1801.11 1.72
1951.06 1.70
2101 1.66
2250.95 1.63
2400.89 1.60
2550.84 1.59
2700.79 1.59
2850.73 1.57
3000.68 1.54
3150.63 1.53
3300.57 1.50
3450.52 1.49
3600.47 1.47
3750.41 1.47
3900.36 1.45
4050.31 1.44
4200.26 1.42
4350.2 1.41
4500.15 1.41
4650.1 1.41
4800.17 1.42
4950.11 1.42
5100.06 1.42
5250.13 1.44
5399.95 1.45
5549.9 1.48
5699.85 1.50
5849.8 1.52
5999.74 1.54
