153.035 1.0
303.355 1.0
452.924 1.0
602.872 1.0
752.941 1.0
1021.87 1.0
1166.32 1.0
1317.39 1.0
1477.23 1.0
1606.03 1.0
1764.1 1.0
1916.42 1.0
2080.74 1.0
2227.54 1.0
2369.26 1.0
2493.7 1.0
2552.8 1.0
2703.25 1.0
2858.32 1.0
3003.27 1.0
3152.09 1.0
3301.91 1.0
3502.09 0.98989898989899
3610.3 0.9902912621359223
3751.75 0.9906542056074766
3901.7 0.990990990990991
4051.64 0.991304347826087
4201.6 0.9915966386554622
4351.54 0.991869918699187
4501.48 0.9921259842519685
4651.43 0.9923664122137404
4801.38 0.9925925925925926
4952.2 0.9928057553956835
5101.9 0.993006993006993
5251.72 0.9931972789115646
5402.04 0.9933774834437086
5551.86 0.9935483870967742
5701.93 0.9937106918238994
5851.5 0.9938650306748467
