292.39 277.678
333.43 256.103
353.919 344.436
435.783 352.903
517.227 340.875
710.903 728.33
863.471 176.485
913.844 166.061
1401.78 251.137
1584.84 258.556
1625.57 253.842
1666.57 517.822
1727.65 256.084
1829.75 277.22
2013.93 618.034
2035.05 1010.572
2138.13 1139.035
2201.12 1000.893
2375.3 267.437
2437.15 1011.23
2457.52 280.809
2478.26 636.683
2662.57 529.534
3060.57 1017.78
3142.27 272.608
3163.16 688.725
3183.52 264.353
3203.88 256.625
3224.5 523.921
3245.61 1018.022
3328.33 511.315
3369.32 265.071
3410.07 586.231
3533.26 276.43
3646.35 656.769
