38.322 305.33
119.693 326.949
181.103 332.375
201.484 215.593
221.953 291.908
262.978 323.932
303.435 251.907
404.505 240.417
559.071 224.593
579.569 324.481
740.88 237.511
791.368 261.76
872.849 265.408
1147.1 266.855
1188.09 259.213
1228.95 384.011
1289.94 275.381
1330.66 258.245
1371.15 321.324
1452.62 260.172
1493.6 241.56
1799.89 899.47
1966.19 1268.81
1986.68 330.075
2079.33 547.815
2120.88 763.45
2161.62 258.484
2326.32 1214.928
2428.28 847.13
2448.64 266.746
2490.89 1510.947
2612.2 282.774
2694.05 1014.081
2887.61 265.384
3257.72 278.069
3278.09 256.259
3299.21 1026.422
3319.57 263.617
