216.086 0.8333333333333334
313.632 0.875
463.448 0.9
612.9 0.9166666666666666
763.967 0.9285714285714286
912.413 0.9375
1063.62 0.9444444444444444
1267.04 0.925
1365.5 0.9545454545454546
1513.58 0.9583333333333334
1663.89 0.9615384615384616
1812.47 0.9642857142857143
1966.29 0.9666666666666667
2115.11 0.96875
2269.56 0.9705882352941176
2422.02 0.9722222222222222
2571.57 0.9736842105263158
2723.52 0.975
2865.59 0.9761904761904762
3013.54 0.9772727272727273
3163.14 0.9782608695652174
3312.18 0.9791666666666666
3462.25 0.98
3654.81 0.9807692307692307
3877.23 0.9537037037037037
4171.66 0.9396551724137931
4222.73 0.9416666666666667
