457.581 4387.117
595.274 1792.329
658.646 1597.613
805.845 5836.411
871.668 3509.291
915.866 3123.741
1122.17 1143.316
1184.99 1879.923
1206.74 1527.921
1271.59 3707.612
1422.57 5399.717
1505.09 2121.539
1792.24 8280.216
2270.86 2465.144
2374.09 1853.232
2514.45 6902.835
2620.51 4012.089
2729.38 3283.123
2819.4 5546.315
3302.48 1297.557
3614.52 911.586
3687.62 1527.439
3738.5 582.533
3826.48 4027.233
4157.09 2479.167
4178.9 1588.296
4200.9 1767.859
4271.89 4777.102
4346.34 4116.81
4479.19 722.644
4585.68 1339.057
4632.68 4517.846
4802.63 2394.727
4845.6 2703.964
4888.72 1777.358
4954.2 1941.206
5086.8 2325.734
5110.54 3525.444
5378.1 1155.29
5493.22 2906.562
5748.75 1134.123
5993.96 3470.728
6174.05 3464.173
6194.89 637.869
6218.78 3663.587
6468.45 777.916
6709.31 3280.453
6879.11 2749.811
6925.23 5277.954
7074.96 4224.546
7117.68 1399.824
7214.93 6274.69
7561.37 2666.371
7958.71 654.611
8001.21 2209.884
8065.2 2528.636
8109.3 2978.725
8234.24 2031.351
8255.89 1421.91
8302.13 5138.671
8345.12 1777.252
8478.85 5766.964
9078.07 2901.65
9099.44 1138.165
9123.57 3905.38
9144.67 877.334
9189.6 3792.219
9601.45 1392.338
9688.31 3400.886
10242.8 2022.3
10427.1 1964.922
10492.3 3072.292
10676.2 1069.898
10828.1 6651.415
11140.5 4666.31
11185.2 3645.502
11350.9 1140.23
11395.6 4454.922
11569.1 461.173
11700.8 1899.329
11915.9 896.086
12259.1 7023.898
12538 4406.467
12738.5 2955.488
12805 2141.667
13071.6 2759.579
13498.5 2090.609
13520.4 1641.542
14509.7 6144.907
14599.2 4900.642
14684 1253.089
14842.1 2919.191
14864.5 2158.411
15125.2 506.655
15215.7 4250.212
15480.1 2984.667
15665 2087.218
15879.1 2907.894
16045.6 2604.159
16365.7 3532.436
16409.7 3017.81
16748.8 1124.594
16769.9 892.056
16838.2 7213.723
16862 3622.79
16883.3 1034.377
16909.4 5763.916
17016.5 1413.238
17120.7 2284.934
17225.5 1624.334
17317.1 691.935
17429.9 3760.562
17473.9 2643.359
17536.7 1284.362
17653.7 2679.888
17870.7 3780.68
18093.3 4006.926
18332 5763.452
18424.3 1014.614
18516.5 760.545
18795.5 606.98
18973 660.633
19082.6 5891.604
19178 2387.319
19569.5 3144.441
19923.4 2277.742
20017.8 3073.431
20102.9 1403.994
20547 1032.917
20614.5 4394.197
21110.5 4569.203
21344.8 5263.687
21948.4 3763.151
22147.5 1024.241
22201.3 3440.722
22226 4478.275
23092.4 3753.032
23162.2 5042.729
23249.3 4607.186
23490.9 3273.079
23713.9 1535.466
23779.7 1135.535
24073.8 2321.685
24397.1 2029.713
24505 1067.221
24818.2 1335.097
24842.8 4397.904
25251.1 1152.434
25354.2 1191.047
25492.8 4891.642
25599.4 2385.561
25843.4 7285.277
26236.6 5262.18
26283.6 1763.659
26496.5 1392.045
26548.5 1701.632
27148.9 5433.121
27280.3 4111.161
27682.4 3403.453
27902.9 5154.048
28049.4 4456.966
28070.9 1228.56
28200.3 4288.243
28484.2 3215.399
28549.2 1150.231
28713.9 1911.099
28737 2852.7
28823.8 1267.831
28848.1 4032.761
28935.9 3889.456
28962.8 6661.055
29046.3 2136.052
29320.2 3004.879
29565.8 4126.192
29694.2 3395.364
29892.3 2721.739
30239.5 2634.465
30282.5 2120.327
30432.3 3646.176
30748.1 3993.345
31196 4141.977
31521.8 2537.161
31641 4761.949
31808.2 9966.458
31918.7 5538.445
31963.1 3160.157
31986.7 3396.731
32530.8 1597.179
32843.8 3711.78
32955.3 5655.354
33001.3 3784.714
33046.4 4827.296
33154.7 1377.908
33346.3 7214.067
33443.1 2722.168
33653.1 4837.494
33749.6 3580.387
34054.2 4267.507
34118.7 1007.169
34527.5 2147.799
34741.1 1689.006
34807.8 2358.087
34872.7 755.853
35246.3 2286.259
35333.8 1808.895
35418.4 3413.082
35572.8 1764.789
35750.6 4403.143
35793.8 1894.71
35893 7038.014
35989.6 1005.25
36123.1 1543.641
36539.7 2518.838
36817.3 881.511
37157 2473.508
37295.5 1758.779
37384.2 5755.657
37719.3 5631.527
37967.1 1788.102
38197 1544.138
38401.9 5021.825
38723.6 1526.862
38792.4 2656.988
38846.2 3447.939
39006.4 4132.791
39100.6 2645.14
39147.8 2976.187
39275.3 5829.927
39924 3446.323
40377.9 2392.651
40440.5 653.382
40696.7 4398.938
40747.3 1396.278
40811.9 1315.522
41004.4 1546.441
41154 2697.821
41355.4 5226.308
41460.6 2514.187
41676.1 4405.685
41780.2 907.715
41865.7 1023.665
41995 7074.381
42018.3 3025.381
42199 1837.593
42294.6 3093.834
42614.2 3036.496
42640.1 5648.468
42761.8 6196.659
42848.7 4279.055
42988.3 904.701
43104.2 3527.063
43126.4 1879.818
43332.4 6108.28
43742.1 2782.85
43848.4 1384.78
43941 898.105
44276.5 1969.17
44464.8 1329.132
45050.8 3495.836
45197.6 5427.05
45994.4 3088.114
46068.3 2388.786
46174.8 1029.354
46572.6 4015.858
46738.6 1761.615
46987.7 1157.224
47010.8 2894.914
47201.6 2227.37
47350.3 2147.078
47394.7 4086.276
47534.4 4073.185
47619.3 2146.704
47757.1 2495.566
48210.9 2887.552
48630.6 5774.452
49052 1145.381
49178.1 1517.262
49202.1 3780.452
49245.6 2157.904
49270.4 4518.568
49706.4 3781.483
49747.4 698.589
49966.6 2034.188
50036 2837.583
50343.4 1901.697
50481.4 3278.791
50616.4 2757.912
50760.5 2670.854
50786.9 6126.53
50809.1 2013.239
50831.9 2505.258
50874.6 2137.87
51791.1 1895.047
51926.7 2159.092
52409.1 5409.218
52496.2 5664.03
52666.5 2499.345
52687.5 774.77
53039 5586.074
53195.3 2655.296
53314.1 2696.875
53442.5 4277.839
53634.9 4906.385
53903.7 1604.587
54298.1 1405.666
54321.6 3266.51
54442 4903.557
54636.7 2788.32
54977.7 1211.529
55022.1 3461.811
55109.9 4258.503
55154.3 3270.891
55354.5 892.853
55728.4 2846.684
55864.7 3515.18
55887.8 2778.073
55938.5 7947.848
55960.5 1745.587
56100.1 8658.959
56166.7 2087.233
56365.5 3151.908
56479.7 1770.917
56610.4 1583.864
57165.3 787.228
57289.8 1279.645
57312.4 2392.278
57664.6 4599.791
57772.3 640.525
57860 5018.553
57905.5 3378.815
58032.3 2324.507
58139.7 4393.203
58542.9 1276.722
58946.5 4284.511
59077.1 3907.916
59098.1 769.055
59121.7 3405.389
59257.2 2313.899
59282.6 5156.515
59492.7 1527.952
60102.5 4633.327
60425.4 1392.818
60821.3 1156.861
60895.4 2693.773
61104.2 3046.768
61180.1 3658.74
61201.9 1637.008
61486.5 5597.355
62070.1 2963.306
62113.6 1516.666
62186.6 1830.313
62253.2 2514.731
62389.6 7528.968
62432.7 2735.394
62588.4 1536.099
62641.6 2949.925
62782.8 1520.091
63171.2 4015.334
63444.9 2102.386
63492.3 4184.777
63898.7 4150.857
65341.2 6146.751
65390.2 8704.859
65475.8 2749.28
65649.5 3495.618
65697 4267.592
65874.4 4461.032
66364.3 2901.819
66437.4 1884.218
66460.2 2532.008
66627.3 4430.245
66788.1 7597.245
67050.2 4027.439
67168 3644.209
67293.2 509.404
67383.6 5904.961
67406.8 3008.532
67619.6 4038.818
68071.4 3339.868
68167.5 2896.358
68475.2 2172.602
68561 2458.398
68838.3 4833.22
69008.5 4662.119
69070.9 835.116
69293.8 3026.453
69536.5 5431.925
69662.3 3638.757
69685.4 2894.863
69738.1 2386.512
69978.3 823.572
70025.3 3895.685
70067 778.761
70243.5 3917.757
70680.1 3340.173
70770.7 4018.411
70964.4 5511.285
70988.6 3980.536
71255.2 4187.024
71405.5 2025.254
71532.8 3250.131
71858.6 4050.618
72208.8 3284.071
72384.7 5245.227
72430.5 2744.999
72452.2 1524.662
72609.4 2391.121
72680.3 527.45
72811.1 3158.979
73196.3 1639.481
73501.8 1552.501
73612.4 1891.164
73769.5 3378.27
74073.3 2753.409
74201.9 2268.028
74223.8 1658.604
74289 3755.918
74683.2 4914.569
74809.8 2314.216
75296 3401.683
75597.6 2898.598
75755.6 2507.985
75821.1 4021.425
76322.5 4473.888
76407.5 1361.759
76653.6 3261.683
77026.1 769.375
77123.6 391.365
77193.4 5150.28
77258.8 2019.0
77323.9 1530.512
77391.9 3643.672
77417.1 5031.49
77458.5 657.532
77506 4025.832
77548.1 779.547
77838 3263.686
77966.5 5220.07
78073.2 1265.608
78168.1 2548.154
78271.3 516.041
78396 2279.624
78656.8 3358.669
78938 1323.097
79066.1 5519.345
79252.7 9143.823
79274.9 2008.59
79440.5 1286.256
79461.1 381.479
79503.4 1925.879
79785.4 1887.097
79808 2402.695
79904.1 2680.519
80247.6 3903.264
80384.8 1518.362
80855.2 4780.671
80876.6 1153.866
80984.1 2266.129
81075.4 817.42
81119 784.532
81146.6 7376.608
81168.3 1286.338
81254.2 648.07
81277.9 3517.94
81402.7 5139.898
81472.4 7044.175
81907.9 3661.508
81979.9 1643.569
82003.6 3470.918
82089 1394.341
82265.6 1699.817
83100.7 1533.845
83258.9 2931.766
83485.9 3778.573
83686.7 2184.164
83898.7 1443.39
84035.5 3713.479
84692.9 5080.595
84803.1 2769.71
85052 2036.94
85095.2 2374.564
85179.2 1254.69
85382.7 6281.321
85627.4 3206.095
85651.8 4142.767
85944.2 1520.044
86048.5 2088.485
86345.4 3899.34
86387.8 1642.923
86470.4 401.275
86516.5 1513.932
86910.3 3559.416
87057.9 771.558
87144.1 1397.831
87561.6 1823.794
87649.6 2875.381
87747 4778.718
87852.1 1768.803
87894.1 441.073
88208.4 3463.821
88428.3 808.149
88479.8 1093.177
88597.6 2527.295
88728 2943.335
88782.7 4397.327
88894.2 1351.491
89079 460.974
89142.2 2663.572
89206.7 3510.048
89229.5 2526.694
89546.8 4894.869
89662.4 1454.359
89683.3 653.972
90351 642.439
90597.4 409.447
91003.8 1288.057
91088.8 2784.359
91184.8 1815.846
91206.5 1516.824
91334 676.543
91483.7 3574.273
91528.6 3270.903
91766.9 1157.207
91832.9 2893.353
92052.5 5447.257
92123 5398.616
92248.9 1512.577
92471.4 3963.461
92663.9 1646.143
92900.5 2531.982
93027.7 766.629
93104.7 4576.137
93501.9 1273.39
93689.1 3488.617
93734.8 5365.568
93778.4 2405.115
93886.4 3028.516
94211.4 1975.124
94295.6 1281.667
94380.6 2710.472
94519.6 4024.587
94713.9 1045.073
95505.6 1319.561
95706.3 1627.374
95875.9 1390.203
95940 2150.971
96003.2 1143.886
96026.4 3029.697
96414.6 2144.449
96581.1 1526.598
96605.2 3893.502
96960 852.945
97076.8 2392.218
97100.7 3651.266
97163.9 2523.928
97206.5 1767.308
97249.5 526.959
97376 2002.202
97492.8 3642.687
97557.1 1504.945
98941.2 6509.259
99077.3 5674.629
99182.6 2759.922
99224.2 890.474
99279 4432.975
99373.3 2397.455
99499.6 3658.352
99591.1 6260.748
99726.4 2317.927
99875.9 3150.47
99988.1 4783.63
100061 1716.243
100166 1909.719
100658 909.612
100724 1894.194
100883 3837.665
101087 3596.062
101117 9519.597
101140 2886.555
101311 1643.658
101624 2767.065
101668 3022.182
101814 3580.827
102451 2654.471
102712 2661.853
103099 2012.132
103167 1427.265
103322 2325.077
103388 3911.462
103667 1277.823
103994 4279.435
104103 3389.033
104442 2342.099
104527 2038.609
104702 4015.023
105576 1536.682
105961 2206.715
106277 2026.05
106388 6806.756
106791 963.985
107023 3330.218
107282 4459.473
107305 2677.801
107494 3605.766
107584 5519.74
107835 1150.451
108454 3402.386
108725 1355.688
108768 2462.655
109054 2263.124
109444 3401.249
109508 1020.576
109529 779.373
109666 1241.579
110148 3486.773
110192 1282.4
110392 3863.07
110757 596.162
110960 1253.032
111106 1654.151
111241 891.18
111328 2139.669
111458 1548.253
111609 2144.024
112136 2397.611
112270 835.676
112292 1886.015
112419 2166.698
112723 2444.921
113193 2470.117
113406 3141.555
113597 1081.882
113639 1024.779
113814 4916.188
113878 892.68
113940 1372.032
114513 1939.264
114577 1808.837
115036 2140.457
115202 1261.975
115345 2049.002
115431 2140.594
115516 3109.581
115760 4463.466
115784 3651.401
115828 1903.554
115958 1274.143
115983 4563.444
116029 4886.745
116052 2756.75
116146 1649.207
116209 2326.11
116252 2763.984
116275 2530.855
116468 1393.384
116534 1526.976
116937 2152.862
117024 3763.488
117068 1268.732
117484 7651.837
117636 4184.71
117687 1271.789
117755 4907.094
117997 1160.23
118303 3409.673
118417 1291.643
118441 3765.563
118528 4280.025
118656 884.635
118677 1029.8
119185 657.801
119314 3143.666
119379 1528.019
119710 5141.228
120010 5911.787
120075 3767.607
120554 2028.804
120688 952.008
120751 770.362
120931 2901.918
121279 1275.499
121345 5510.604
121410 1800.705
121736 2160.655
121779 1256.787
121909 3929.155
121952 1408.26
122044 2016.189
122179 2223.925
122351 3901.0
122549 1774.203
122941 3897.241
123534 1605.163
123832 3900.367
124043 7009.618
124136 2034.088
124276 4653.408
124635 2774.075
124785 880.693
124829 2134.153
124871 1402.551
124895 3284.503
124959 3266.055
125195 4284.26
125363 5618.853
125448 891.628
125497 5888.58
125525 7531.603
125652 1133.519
125797 1348.247
125901 2083.953
125923 1896.987
126088 5392.626
126150 1274.486
126379 1256.896
126465 2609.132
126684 6158.573
126730 4895.146
126786 6316.631
126808 1502.244
126942 4764.216
127027 1261.356
127134 1911.504
127327 2775.782
127370 1412.182
127435 3526.682
127502 4771.029
127546 3528.354
127629 1335.794
127653 3281.833
127736 2027.228
127762 5761.882
127890 3589.252
127977 4260.701
128075 4390.749
128413 4922.369
128523 3654.551
128546 2754.192
128767 5945.437
128854 2905.42
128875 1269.426
128980 2126.88
129147 2391.554
129323 1943.19
129388 4786.494
129526 2450.9
129596 4123.886
130022 6337.73
130286 2406.462
130460 5501.624
130547 3476.518
130756 2387.986
131111 2760.797
131217 1082.972
131386 3762.109
131713 3271.086
132298 3149.618
132385 1906.802
132513 3022.95
132681 2011.127
133472 4779.8
133627 3154.785
134026 643.898
134194 2831.756
134259 1598.677
134306 4398.215
134328 2031.075
134811 5009.942
135021 3517.513
135150 1389.999
135216 3200.316
135550 3513.335
135614 1667.741
135700 3650.654
135795 1075.99
136017 4717.893
136038 913.89
136152 1484.647
136403 2667.727
136570 1271.493
136594 3663.454
136660 3034.799
136799 3636.631
136954 3252.084
137042 2526.766
137070 7865.434
137092 1534.361
137116 3994.613
137396 1741.719
137420 3894.307
137530 2909.019
137551 1389.524
137594 2028.555
137705 3777.833
138154 2467.512
138263 5024.284
138357 812.612
138442 1699.76
138532 5144.76
138574 1591.996
138701 2890.513
139025 2389.765
139390 1279.779
139434 3533.035
139581 2101.178
139626 2419.768
139671 3780.403
139735 2389.511
139798 1158.363
139821 3020.387
140077 2505.294
140703 6394.798
140831 2520.446
140853 1900.86
140928 4766.413
141157 1401.865
141231 1281.679
141318 1514.444
142112 3637.593
142238 761.093
142284 4762.149
142582 1871.305
142812 2211.783
143072 1761.866
143097 5035.779
143141 3516.736
143290 2400.302
143448 1386.984
143532 477.852
143898 506.121
144079 2269.973
144233 1396.363
144393 5642.115
144695 528.057
144907 1545.918
145107 2816.988
145129 1789.163
145582 2637.126
145665 839.413
145687 1031.567
145855 1767.971
145877 1489.932
146392 2154.705
146458 3662.081
146648 2891.183
146764 2455.362
146842 2584.773
146931 5908.158
147139 2020.127
147225 766.375
147290 3030.836
147362 1577.833
147610 2649.984
148050 4462.446
148514 5400.299
148558 3153.94
148920 3464.018
148941 640.373
149047 1644.255
149291 757.184
149425 1898.873
149448 3036.856
149493 763.964
149540 4631.576
149562 1613.845
149739 3526.15
149993 2144.483
150015 1280.455
150377 3162.542
150746 1288.84
150767 1139.026
150966 3147.255
151051 1892.828
151072 656.637
151116 1532.52
151229 1695.686
151718 951.199
151804 5221.561
151827 2893.651
152042 2896.028
152065 2150.494
152412 2637.244
152694 1051.356
152980 4078.401
153139 3655.936
153180 581.425
153764 2455.036
153982 780.101
154240 2081.005
154355 1766.363
154408 2203.917
154451 3003.39
154495 3016.367
154865 5649.364
155275 1098.881
155296 629.491
155361 3027.803
155497 1722.337
155541 2900.513
155624 910.726
155667 2530.4
155749 397.65
155831 711.508
156040 2260.702
156129 3464.691
156151 1398.31
156298 1016.901
156547 1547.619
156767 4384.889
157280 1392.086
157365 3402.882
157428 1130.195
157454 5904.415
157803 1157.824
158091 4893.607
158217 2389.793
158238 1017.843
158516 404.863
158623 3783.501
158863 523.181
159053 3776.43
159304 4162.809
159422 3052.339
159772 2810.637
159951 2275.362
160079 4266.238
160498 555.719
160955 1909.961
161007 1696.659
161029 2017.677
161186 1642.797
161313 1394.443
161385 2154.884
161407 1406.67
161988 830.729
162186 3087.924
162273 2913.344
162433 907.651
162758 1461.939
163117 2039.213
163204 3162.65
163402 1981.252
163721 2008.504
163877 2032.015
164025 766.833
164050 4951.767
164411 4595.721
164632 3902.14
164763 5139.959
164954 3533.062
165038 2217.674
165123 1027.111
165413 840.521
165592 3896.307
165988 642.57
166182 4149.821
166786 2658.61
166880 1011.562
166995 1054.301
167090 3163.757
167914 772.188
168022 4145.951
168045 2016.34
168088 653.425
168341 1228.41
168364 2270.751
168385 658.92
168776 1979.859
168956 1901.862
169025 2649.618
169423 1025.602
169467 3880.983
169782 3787.256
169918 1919.447
170003 1405.278
170191 3737.726
170805 4532.319
170830 5256.32
170894 2049.575
171355 3143.027
171513 2271.724
171558 4116.407
171686 2915.745
172020 3347.58
172390 6125.205
172580 2285.24
172902 3717.055
172945 2773.053
173019 2399.578
173116 3278.117
173138 1604.242
173166 7767.684
173393 2150.086
173603 1892.254
173698 2646.544
173795 4510.19
173844 8143.387
174410 3534.481
174432 1639.03
174606 1770.344
174648 1526.576
174879 1153.09
174900 1170.106
174968 4531.501
175117 1909.725
175184 2519.458
175278 8638.681
175407 3280.709
175579 1380.926
176473 4279.913
176555 1667.609
176706 3344.267
177093 6649.877
177317 3032.28
177360 2858.976
177383 2154.015
177671 772.992
178117 1803.487
178161 3829.666
178651 3162.807
178717 3013.166
178799 767.21
179019 902.156
179083 1413.924
179242 1888.852
179535 2015.747
179684 2405.915
179727 2278.525
179976 2641.813
180080 1153.197
180122 1841.921
180399 4771.697
180440 658.034
180523 1898.349
180586 2530.112
180824 1145.323
180972 3148.57
181203 2950.488
181271 1905.159
181517 768.7
181561 2893.502
181584 2528.357
181648 3350.422
181948 4172.493
181971 2415.724
182119 830.762
182245 1037.569
182341 2905.674
182388 4153.919
182412 3770.879
182455 2592.922
182498 3226.314
182562 2294.553
182847 914.593
182977 5169.606
183030 2210.565
183074 2407.064
183211 2896.253
183298 3519.728
183416 2406.069
183437 1398.635
183558 8526.566
183664 2507.088
183728 2097.938
183948 2023.707
184062 2542.633
184169 997.784
184192 3028.833
184339 1889.686
184614 3908.966
184658 2902.187
184991 2480.916
185056 758.93
185079 3398.335
185351 2017.272
185504 6102.369
185525 655.251
185661 2826.19
185708 5768.052
185733 4312.41
185776 1885.205
185878 1448.454
186264 916.342
186394 1914.919
186874 2967.98
187007 1355.712
187221 2574.853
187461 902.989
187616 3276.602
187716 1878.979
187961 3547.628
188006 3780.846
188030 3649.154
188321 1533.885
188425 2518.649
188447 1780.86
188921 3651.804
188990 3395.045
189078 4126.934
189214 1113.604
189301 3131.428
189416 3665.091
189481 2630.357
189525 3515.705
189636 4151.229
189722 3535.774
189744 2535.606
189791 5297.411
189925 1035.475
190083 1123.722
190377 7019.263
190525 4369.099
190762 4584.968
190806 4093.078
190893 3149.373
190980 1135.293
191001 763.126
191085 1531.969
191137 1828.567
191183 3890.949
191338 6906.163
191548 1016.588
192056 3153.834
192081 4352.712
192228 901.026
192253 5406.405
192554 3889.647
192710 1523.898
192776 4891.294
192948 4639.851
192990 1667.315
193169 3074.266
193851 1644.272
194010 4020.634
194232 2896.294
194542 3474.468
194632 3652.434
194653 1010.023
194706 2579.389
194809 1092.143
194926 2773.843
195535 1785.202
195604 4599.335
195649 4028.192
195911 2387.883
195977 2401.211
196039 1031.147
196063 3277.357
196278 2349.453
196449 3137.961
196649 4912.945
197345 3890.511
197411 3154.062
197547 1074.837
197679 4029.123
197915 2398.294
198026 3471.184
198259 5159.213
198282 2309.162
198327 2142.768
198349 2030.484
198500 2287.756
198624 2400.801
198773 1897.484
198974 1695.728
199360 3406.244
199405 3320.908
199893 4642.832
199979 4152.232
200477 1482.104
200710 2277.377
200894 5295.345
200922 7751.745
201097 1655.07
201218 3544.972
201669 1401.701
201847 896.95
201961 3493.707
202651 2902.8
202718 2652.936
202784 1270.826
202833 8028.24
202981 2405.571
203111 2851.124
203137 5008.739
203183 3147.93
203226 3105.832
203271 4515.28
203296 4533.803
203319 2500.691
203384 2895.964
203531 2264.411
203618 1658.979
203897 2532.803
204302 2653.774
204464 4889.581
204489 4481.486
204801 4026.48
205427 5893.03
205450 2273.71
205777 3840.571
205893 3519.704
206180 2782.734
206375 5008.891
206418 1404.669
206523 2539.8
206544 1513.998
206680 2522.062
206788 2993.6
207150 2949.534
207237 3623.201
207477 1688.375
207622 2276.795
207799 9045.14
207904 3208.451
207925 1018.188
207969 904.465
208035 4596.658
208121 1155.38
208144 2765.062
208207 2146.15
208528 6341.04
208828 5523.352
209183 3808.025
209297 2216.131
209371 2138.628
209547 3902.838
209790 5160.925
210127 3776.025
210149 2284.637
211754 5517.912
212123 2710.317
212146 2657.302
212327 5407.983
213018 4665.586
213610 4023.862
213744 3747.176
213767 3523.281
213881 3434.816
213969 7750.06
214161 9644.533
214244 2435.009
214267 2526.545
214290 3396.717
221400 3079.091
221697 2488.374
221869 3707.554
221995 4616.97
222588 2441.944
222977 3530.938
223446 1478.4
223597 2580.242
223891 5259.412
224798 4646.435
225051 5155.257
225092 399.578
225380 2911.326
225585 2423.057
225823 3211.268
226072 3161.797
226243 2375.469
226307 1708.067
226334 7419.435
226783 2455.827
