77.866 441.255
98.788 393.952
273.081 457.957
314.767 391.449
786.747 395.067
940.481 587.608
1001.96 351.115
1072.69 324.396
1093.58 599.801
1197.82 626.442
1300.93 367.734
1321.54 375.634
1455.03 723.724
1638.98 426.189
1680.77 468.142
1823.75 618.955
1864.63 262.324
2047.99 372.951
2378.63 391.456
2550.47 336.702
2601.08 317.336
2763.07 1327.731
2783.95 644.57
3190.67 648.827
4731.72 628.045
4874.32 563.789
5017.95 1000.452
5190.81 490.462
5252.17 465.616
5343.79 619.597
5530.03 404.767
5580.91 569.628
5685.66 468.787
5931.02 348.748
6002.38 384.586
6188.9 525.527
6312.61 354.329
6571.97 386.547
6696.59 373.826
6823.59 1444.355
6886.08 400.845
6958.1 828.677
6978.7 374.736
7020.07 264.807
7123.69 334.938
7164.56 260.772
7205.32 474.602
7297.56 401.66
7318.18 379.918
7359.31 264.676
7627.66 1521.501
