118.502 579.765
139.724 842.54
585.737 4579.12
2881.32 521.995
3013.42 877.366
3116.9 614.245
3262.23 619.668
3284.12 1579.013
3408.07 579.027
3428.81 505.349
3637.8 638.422
3763 2113.442
3865.08 646.869
3988.56 606.233
4609.45 644.015
4938.82 522.357
5103.79 896.413
5600.65 636.149
5621.52 661.205
5642.4 636.658
5991.93 517.967
6135.9 517.819
6197.51 527.598
6361.09 525.429
6402.46 539.155
6589.29 640.753
6774.5 642.874
6815.35 573.356
6940.33 1012.199
7144.9 711.796
7228.39 650.997
7433.82 586.185
7640.15 578.633
7661.39 1032.43
7682.14 520.213
7724.14 1144.749
7848.73 644.89
8035.18 654.782
8159.16 672.059
8553.56 905.658
8636.18 538.551
8698.02 509.828
8718.78 526.988
8924.98 526.982
9028.06 524.33
9111.42 628.127
9153.16 582.114
9236.26 636.127
9298.38 656.058
9422.72 645.56
9608.3 603.703
9733.14 654.645
10024.1 511.337
10188.5 503.406
10415 650.948
10558.7 546.139
10786.6 661.097
10890.6 601.635
10911.6 769.051
10974.6 641.357
11137.8 609.181
11179.7 654.339
11242.9 633.297
11828.5 614.29
11849.4 610.821
11973.5 641.426
12182.3 1085.544
12223.5 513.161
12390.9 772.954
12432.4 762.243
12474 644.137
12515.7 771.882
12620.6 651.631
12742.7 542.024
12826.6 893.302
13157.8 663.034
13178.7 671.027
13220.2 768.412
13241.1 656.296
13367 656.319
13388 753.805
13532.7 1029.574
13718.4 779.47
13865.9 641.409
13937.5 500.535
14064.8 535.234
14395.8 593.588
14562.5 655.535
14727.9 655.376
14748.9 758.55
14769.8 654.218
14935.8 656.241
15123.1 763.592
15165.2 644.926
15248 685.728
15333.4 1514.316
15457.5 761.686
15498.9 507.821
15540 508.303
15603.1 1636.853
15706.3 645.684
15789.7 650.106
15810.7 602.785
16018.7 653.002
16267.1 657.684
16287.9 641.241
16308.9 777.149
16702.3 600.119
17053 638.352
17135.2 529.297
17303.6 623.397
17777.8 656.971
17798.7 642.304
17840 632.485
17902.5 656.4
18069.4 529.337
18463.5 640.602
18690 662.519
18875.9 634.391
18917.8 634.354
18959.4 641.228
19253.7 732.213
19419.2 501.105
19648.9 782.104
19690 530.986
19813.6 574.213
19937.9 630.794
19979.8 622.333
20142.9 663.625
20225.2 581.441
20431.9 668.771
20586.2 653.146
20669.6 530.385
20773.5 519.634
20939.8 636.794
20960.5 523.962
21228 657.516
21392.4 588.459
21538.4 652.511
21579.2 584.738
21621.6 647.343
21662.6 697.667
21963 520.115
22127.1 520.512
22252.1 524.167
22335.3 523.696
22398.2 654.04
22481.2 538.132
22544.3 1760.372
22606.8 903.087
22918.2 1262.388
23030.8 640.15
23134.5 655.378
23346.2 544.178
23430.2 1429.965
23659.1 517.068
23679.9 523.51
23700.7 641.971
24113.3 598.208
24175.3 690.23
24569.4 990.521
24651.7 535.613
24799.5 524.668
24902.2 525.233
24922.9 526.024
24964.2 636.696
25066.8 564.736
25253.9 660.011
25548.3 642.521
25672.5 664.267
25714.4 641.717
25881.2 658.497
25986.3 514.25
26027.2 596.976
26089.4 536.486
26110.1 513.385
26381.5 647.031
26567.9 589.616
26837.3 637.33
27025.7 662.524
27087.3 709.888
27128.6 637.205
27149.5 667.691
27274.9 987.697
27296.6 1227.971
27400.5 515.381
27545.6 536.064
27650 517.781
27670.8 532.471
27877.9 664.234
27899 889.084
28065.4 638.218
28148 649.355
28522.3 665.704
28603.8 589.705
28770.2 510.297
28853.4 610.502
28957.7 514.65
29165.8 585.007
29206.6 552.06
29393.6 661.956
29456.7 630.425
29934.5 594.578
29955.2 527.3
30201.1 533.939
30223.9 2410.231
30244.8 622.458
30452.3 1027.783
30493.2 568.365
30555 633.713
30832.7 1014.031
31042.8 639.876
31231.6 653.656
31252.6 730.322
31644.7 530.057
31789.1 800.619
31892.8 644.388
32101.8 901.259
32225.8 656.351
32267.2 595.006
32371.2 642.218
32454.2 850.88
32537 632.87
32558.2 903.006
32682.6 523.538
32806.2 509.032
32909.4 532.577
33222.4 655.224
33899.1 637.41
33961 529.402
33981.7 389.052
34105.3 948.054
34374.8 465.126
34477.4 528.459
34539.9 510.411
34581.1 519.989
34642.9 529.485
34705.5 1143.931
35308.1 405.53
35597.8 890.316
35639.4 395.951
35746.3 411.821
35851.1 436.563
36099.6 519.168
36120.4 531.009
36265.6 520.404
36389.8 515.405
36553.4 556.973
36594.9 405.369
36719.5 414.187
36903.6 411.851
37339.7 528.286
37360.5 519.141
37525.8 517.645
37937.5 573.23
38040.3 407.63
38143.1 387.247
38204.6 415.123
38746 522.233
38766.7 518.365
38808 522.664
38933.8 506.56
39221.9 573.437
39323.4 418.986
39550.3 407.558
39612.5 513.149
39900.7 531.337
40024.8 521.338
40169.8 475.378
40748.1 411.394
40893.5 402.906
41018.2 522.301
41038.9 516.468
41059.7 526.598
41371.1 534.728
41433.2 519.363
41477.3 515.783
41581.2 529.214
41602.9 1530.164
41808.9 474.97
42078.2 386.404
42263 391.396
42368.1 524.162
42430.2 415.438
42512.6 473.066
42718.5 509.129
42780.8 525.712
42975.6 461.22
43037.8 522.687
43079.4 529.992
43183.8 517.625
43473.3 390.166
43514.6 506.391
43556 389.887
43832.8 510.102
43914.9 472.025
44081.4 518.232
44102.2 532.152
44122.9 525.972
44185.6 531.301
44704.9 386.434
44745.9 477.105
44993.2 408.073
45097.1 515.068
45159.4 532.347
45222 496.66
45304.8 518.035
45325.8 724.666
45388.5 512.187
45533.2 532.765
45574 454.995
45758 505.642
45862.9 564.277
45985.2 455.466
46110.8 410.904
46213.9 389.08
46296.3 516.121
46421.6 517.705
46483.2 528.767
46504 528.484
46670.4 1991.711
46691.2 541.62
46753.4 524.979
46857.4 532.457
47067.2 532.905
47129.6 525.617
47358.4 397.088
47420.4 406.825
47606.3 392.829
47730.8 459.194
47854.5 522.098
47896.5 521.44
48019.5 788.554
48102.6 536.274
48123.3 518.74
48333.2 519.542
48624.3 1014.954
48665.3 390.876
48686 408.027
48901.8 398.63
48963.3 390.817
49066.5 472.396
49168.7 534.83
49355 515.288
49416.3 464.296
49519.9 531.827
49540.6 533.692
49582.4 532.841
49685.6 502.273
50370.4 520.234
50661.4 515.99
50682.1 522.539
50970.4 514.535
50991.2 539.313
51116.1 512.748
51281.2 405.813
51576.5 409.424
52031.4 519.258
52093.6 534.382
52239.5 516.084
52302.6 889.336
52655.5 463.534
52676.1 401.224
53018.8 407.827
53060.3 520.676
53103.9 526.581
53124.8 412.092
53146.5 1143.123
53189.5 514.594
53230.7 499.49
53335 528.25
53444.8 6273.124
53547.9 557.961
53835.8 527.463
53918.4 404.948
53980.1 397.778
54190.4 900.349
54241.3 698.805
54262 417.698
54282.7 514.703
54430.4 523.981
54802.3 521.08
55031 532.906
55155.3 520.492
55487.3 1256.615
55800.8 522.753
55904.2 460.363
56130.8 482.413
56255.2 465.146
56338.7 530.608
56975.4 529.748
57099.7 904.813
57141.5 602.115
57287 890.361
57349.6 1089.318
57370.3 524.07
57412.1 643.895
57474.1 776.369
57556.5 666.105
57683.6 652.147
57704.5 654.124
57788.3 645.605
57809.4 664.956
57977.1 527.157
58103.7 529.299
58546.8 1816.975
59179.5 638.544
59262.4 1014.455
59345.2 647.912
59613.2 633.1
59654.8 634.372
59716.4 534.35
59758.6 530.625
59842.8 994.831
59947.5 650.0
60071.4 649.919
60154.6 883.045
60465.1 1404.198
60612.5 544.035
60654.5 839.447
60715.8 527.601
61246.6 2184.538
61289.5 2017.498
61484.2 648.137
61525.6 664.362
61782.9 640.305
61909.3 574.174
61991.6 608.26
62074.1 647.753
62094.8 544.578
62135.7 583.355
62239.8 595.316
62301.5 587.901
62405.5 654.202
62593 884.169
62613.8 632.811
62760.5 642.139
62868 668.788
63013.6 1159.179
63096.4 654.42
63200 639.927
63240.9 592.305
63365 508.927
63456.5 521.303
63497.8 533.386
63518.6 526.261
63601.9 841.734
63622.7 525.85
63747.4 542.491
63914.3 2004.76
64125.1 634.581
64331.4 652.54
64394.2 1018.673
64436.5 640.076
64624.1 536.565
64850.5 582.631
65037.2 906.855
65100.7 641.073
65235.2 895.716
65450.5 591.034
65646.7 1525.8
65812.9 662.147
65896 529.078
66009.2 515.709
66112.2 596.936
66194.9 1460.815
66259.2 614.532
66382.9 587.682
66549.5 635.664
66718.3 755.735
67354.4 558.533
67524.6 517.743
67628.6 515.77
67670.2 647.335
67713.4 1111.579
68090.5 766.836
68323.3 654.448
68366.2 1525.449
68696.8 511.935
68719.1 1899.555
69019.4 1093.036
