116.5 196.948
434.891 527.581
915.201 124.992
965.956 176.463
1006.56 215.899
1148.42 183.9
1209.76 427.288
1251.13 244.697
1271.64 235.362
1373.71 515.003
1489.05 488.167
1744.48 332.65
1956.69 243.916
1977.18 245.64
2027.67 180.171
2098.26 222.572
2593.54 261.364
2614.02 238.514
3344.98 218.373
3365.75 192.986
3386.22 225.684
3468.81 654.347
3697.25 162.243
3986.71 641.589
4048.53 262.507
4089.78 236.117
4193.25 281.338
4378.45 286.412
4398.95 268.183
4711.52 159.622
4978.18 149.466
5350.11 1049.61
5474.45 229.375
5598.78 281.353
5949.33 627.116
6257.37 151.57
6441.96 262.701
6566.54 264.153
6629.03 450.511
6649.53 262.53
6751 367.767
6854.86 283.676
6979.83 279.217
7288.74 266.859
7391.23 153.09
7556.44 153.131
8012.44 292.181
8260.89 288.599
8303 506.413
8344.36 281.461
8364.85 262.32
8593.05 265.884
8634.41 266.603
8902.88 481.6
9192.68 237.11
9462.22 277.778
9961.22 135.833
10249.1 225.273
10310.4 144.598
10392.4 222.438
10598.4 504.935
11074.8 260.052
11095.3 269.783
11322.4 129.108
11424.8 215.662
11578.4 257.666
11701.2 216.256
11743 260.285
12054.9 283.389
12096.2 389.645
12221.8 260.84
12430.4 280.849
12576.8 452.512
12782 155.949
12866 222.893
13218.2 235.204
13323 258.469
13488.8 269.126
13530.5 261.314
13592.8 276.756
13674.3 634.628
14145.7 153.7
14249.2 158.805
14312 261.243
14455.9 154.692
14642.9 270.158
14684.5 267.253
14726.1 372.827
14851 271.416
14975.3 266.27
15414.3 133.617
15538.2 144.718
15683.8 258.739
15704.2 159.633
15850.1 270.193
15870.5 157.896
15974.2 203.571
16099.9 507.51
16161 215.636
16181.4 272.639
16411.8 276.323
16432.3 267.014
16535.1 287.59
16555.6 267.437
16845 157.24
16865.4 145.037
16927.8 406.449
16948.4 333.333
17301.7 1397.122
17363.8 281.582
17424.4 277.45
17591.7 269.848
17673.1 286.923
17734.6 270.282
17838.2 282.376
18129.7 163.799
18170.7 160.191
18335.2 248.231
18502.9 154.194
18523.4 276.569
18667.5 279.607
18770.1 480.242
18874.1 243.913
19039.9 264.933
19376.1 372.233
19688.2 141.682
19852.9 154.524
19873.4 274.918
20182.4 269.172
20285 214.006
20347.3 271.612
20388.6 268.771
20430 261.78
20812.8 148.789
21142.7 271.568
21287.8 270.664
21350.1 450.686
21370.6 281.443
21702.1 266.418
21722.6 275.829
21764.1 262.153
21804.7 337.299
22022.5 120.95
22063 226.09
22250.3 1041.986
22291.5 151.799
22437.7 265.027
22666.9 534.399
22707.4 187.24
22747.8 222.44
22810.5 287.201
22851.7 277.937
22957.7 291.639
23091.5 266.517
23132.6 260.623
23174 285.405
23217.8 273.644
23406.8 152.667
23490.5 146.425
23552.3 144.882
23988.2 277.673
24050.5 774.693
24256.7 265.674
24649.9 210.826
24776.8 138.198
24797.7 630.304
24962.3 161.502
25003.5 162.793
25231.9 279.357
25608.2 280.033
25649.9 271.165
26170.8 146.706
26234 154.593
26254.4 142.986
26462.3 251.736
26524.7 273.873
26545.2 294.678
26566.1 664.225
26649 271.559
26669.5 269.634
26794 1158.287
26814.5 277.567
26982.8 270.88
27003.3 280.104
27023.8 261.47
27126.8 283.305
27461 147.405
27710.1 155.812
27855.5 534.57
27876 265.175
28104.9 279.567
28187.5 234.49
28581.9 332.178
28705.6 160.169
28914.2 161.34
29039.4 280.576
29143.9 156.824
29266.3 343.495
29601.2 211.533
29830.3 281.557
29891 333.238
29932.6 154.348
30015.5 393.229
30346.7 448.989
30367.1 154.257
30387.6 269.333
30408 161.661
30727.8 279.626
30999.4 285.236
31020.1 511.767
31125.9 661.388
31188.6 320.302
31581.1 154.862
31725.8 278.912
31746.4 278.467
31828.6 261.345
31932.3 262.315
32036.5 280.623
32265.3 271.483
32535.2 280.171
32619.3 180.535
32680.9 143.969
32722 160.121
32784 141.874
32845.6 151.598
32887.1 153.619
33011.7 153.889
33364.1 235.332
33576.1 281.187
33959.3 144.164
34352.6 142.713
34414.2 171.192
34434.7 265.273
34475.7 274.464
34579.4 283.486
34620.6 281.691
34641.1 279.618
34786.2 268.74
34889.9 324.368
34931.8 268.695
35036.4 275.086
35056.9 271.842
35140.3 270.13
35306.5 192.291
35450.4 136.905
35954.1 276.174
36221.9 217.274
36388.1 288.367
36470.6 287.556
36531.6 280.793
36799.5 145.104
36861.2 152.965
36881.6 142.102
36902 155.538
37006.8 141.942
37069 168.743
37297.3 260.548
37462.1 217.147
37524.1 270.929
37607 280.079
37873.2 270.532
38038.7 149.925
38182.5 167.148
38389.8 156.25
38452.1 253.665
38534.6 261.027
38617.7 208.939
38806.2 287.37
38847.5 280.328
38932.1 272.088
38973.3 282.284
39096.5 334.069
39178.1 332.506
39301.4 157.125
39672.8 150.918
39981.5 256.604
40415.6 266.386
40457.3 266.251
40561.7 271.907
40623.3 212.541
40787.7 235.947
40974.7 151.562
41099.1 154.661
41244.1 270.003
41264.6 279.046
41431.5 281.297
41725.7 267.279
41787.1 278.725
41848.4 265.734
42178.9 143.658
42634.6 285.095
42696.2 273.522
42820.3 272.461
42840.8 279.573
43243.8 140.045
43264.3 288.611
43325.5 201.866
43430.5 162.306
43657.8 255.654
43719.5 714.61
43893.1 270.905
43996.3 276.519
44246 209.217
44391.4 269.462
44579.1 138.548
44703.3 158.344
44785.3 141.556
45198.9 267.998
45220.3 1062.351
45261.5 283.447
45489.9 277.245
45902.4 281.887
46025.7 1242.986
46212.3 156.827
46253.3 156.964
46273.7 143.97
46335.7 154.146
46356.1 265.788
46481.5 260.337
46751.7 249.589
46896.9 271.715
47042.5 288.034
47253.1 144.283
47315.7 142.327
47459.8 154.307
48059 279.798
48434.6 342.231
48622.1 161.054
48663.7 169.056
48839.3 157.693
48879.8 205.34
48900.2 142.351
48941.3 257.751
48961.6 169.76
49106 229.944
49394.5 280.569
49455.8 272.927
49497.6 390.51
49518.1 266.263
49621.9 256.842
49683.9 282.63
49872.5 262.3
50099.9 136.311
50120.2 145.2
50140.6 150.502
50264.9 147.714
50306.7 153.797
50327.2 259.226
50659.6 641.262
50762.7 261.32
50886.2 477.402
51051.5 283.794
51155.6 272.194
51176.1 278.714
51258.6 156.563
52215.9 291.197
52363.6 468.952
52469.9 287.418
52571.9 174.402
52633.7 147.451
53229 278.845
53416.4 219.532
53668.7 270.186
53834.1 277.678
53978.5 161.773
54167.4 420.64
54428.7 268.687
54513.2 279.298
54924.4 273.739
55008.7 277.215
55340.9 154.153
55484.8 212.623
55527 534.372
55547.6 233.406
55882.5 287.007
56005.8 279.218
56129 268.387
56233.5 635.793
56503 661.734
56544.5 277.201
56806.4 235.39
56869.1 153.104
57076.7 255.153
57181 265.771
57284.9 281.131
57347.2 282.738
57410.1 471.73
57764.9 254.481
57911.8 287.169
58081.2 228.362
58143 148.637
58225.8 209.932
58286.9 216.394
58327.4 177.608
58782.4 274.818
58990.8 622.412
59032.1 267.913
59073.8 643.104
59094.3 274.221
59114.8 268.315
59487.8 152.863
59570.6 225.61
59694.1 158.511
59714.6 279.897
59798.1 269.769
60028.1 282.643
60215.1 269.199
60255.6 217.915
60462.3 342.121
60610.8 227.131
60714 219.301
61048.7 257.566
61111.2 160.9
61171.8 237.577
61243 264.317
61286 204.03
61328.9 191.228
61523.7 261.153
61606.3 240.535
61668.8 283.347
61719.4 233.445
61781 284.014
61885.6 276.925
61989.7 348.974
62216.9 153.223
62361.9 265.813
62466 281.389
62507.7 559.733
62758.7 221.731
62949.5 1279.168
62990 206.044
63053.1 258.16
63073.6 235.12
63363.3 167.219
63725 266.638
63786.9 276.717
63975 257.381
64518.3 287.681
64559.8 292.805
64685 170.649
64910.6 262.042
65076.7 244.688
65191.4 280.828
65294.7 227.277
65387.4 482.343
65428.6 284.865
65707.3 272.313
65727.8 259.724
66007.5 142.893
66442.4 212.015
66505.5 910.095
66840.7 281.645
66903.6 750.147
66924.1 281.939
67177.2 234.143
67860 890.567
68023.9 280.478
68300.3 784.116
68467.6 271.256
68488.1 256.18
68551 282.528
68695.1 157.427
68842.9 198.772
68946.4 154.478
68966.9 265.073
69058.8 158.473
69397.5 505.697
