-2859.34 1144.649
-2715.5 1416.735
-2693.51 1707.932
-2216.26 138.743
-179.146 261.041
-12.93 1129.54
236.357 145.234
321.597 2094.155
342.083 266.347
529.182 251.834
754.728 264.908
858.578 1010.475
1063.78 710.186
1166.76 243.652
1230.12 534.262
1334.22 134.37
1397.07 1025.298
1510.17 891.82
1642.89 1213.955
1993.93 901.098
2180.68 1278.344
2304.97 1396.57
2430.07 909.139
2572.28 401.872
2634.14 161.414
2798.98 213.513
2901.95 149.572
3024.55 214.202
3065.54 263.104
3086.04 256.42
3499.26 1282.359
3828.87 518.005
3931.57 345.361
3953.2 1411.2
4056.67 140.51
4077.17 246.094
4097.54 148.069
4614.92 278.12
4822.11 279.292
5008.81 1004.892
5485.07 389.525
5649.91 130.176
5732.37 460.878
5794.26 281.574
6002.59 409.859
6064.93 644.384
6106.3 245.373
6147.54 395.564
6249.64 350.442
6333.16 599.328
6416.47 778.401
6521.7 1408.109
6667.54 790.741
6790.38 394.506
6955.38 891.738
7078.05 148.417
7098.44 162.248
7407.98 1085.566
7573.44 288.101
7594.68 1017.023
7781.01 403.624
7946.86 1264.921
7967.74 646.585
8090.32 278.512
8172.67 992.981
8213.66 153.786
8284.66 148.957
8490.09 155.289
8553.37 1139.974
8740.42 1028.36
8761.14 502.969
8844 887.363
9073.94 696.008
9529.57 638.457
10299 391.298
10380.1 296.627
10443.1 887.223
10570 265.715
11328.8 396.46
11349.1 158.165
11536 265.427
11598.2 290.939
11640.1 651.879
11660.6 260.782
11784.9 642.286
11847.8 397.786
11972.8 590.369
12182.2 344.483
12369.1 143.275
12639.5 655.535
12785 396.026
12805.5 276.836
12847.2 371.798
13118 899.05
13200.4 517.186
13344.8 284.261
13613.2 905.594
13633.8 387.074
13756.9 595.34
14255.6 268.429
14420.3 256.224
14440.8 278.637
14668.8 384.566
14710 263.083
14773.5 811.377
14960.3 401.558
15332.6 194.395
15352.9 138.085
15414.6 259.779
15456 148.267
16040.9 1193.302
16144.1 531.359
16289.6 392.133
16518.4 180.235
16620.6 150.628
16766.3 508.362
16806.8 206.8
17032.3 360.285
17094.7 528.697
17219 289.368
17394.5 739.015
17477.8 995.463
17664.6 405.79
17787.8 662.255
17994 144.65
18179.7 153.121
18346.4 1257.794
18625 1019.742
19184.9 266.923
19247.2 139.79
19310.3 167.411
19372.8 147.887
19642.4 159.471
19838.8 234.567
19923.9 3030.405
20362.9 335.753
20384.1 905.447
20487.5 265.844
20652.9 148.982
20756.2 158.127
20798 522.008
20879.3 142.467
20900 393.087
21025 148.758
21045.4 163.603
21086.6 276.589
21127.1 217.613
21231.1 408.489
21251.8 508.425
21419.3 1495.632
21440.4 912.303
21751.4 770.354
21854.8 1090.765
22252.2 153.873
22273.1 577.342
22314.3 148.981
22522.7 646.063
22564.3 276.01
22647.8 641.224
23001.7 399.739
23022.9 1019.611
23168.5 398.628
23476.8 227.662
23562.2 774.967
23792 391.544
23957.3 1033.598
23979.2 1637.96
24083.7 487.414
24229.1 400.285
24270.5 514.797
24332.2 464.922
24457.5 407.608
24478.3 631.817
24520.1 268.993
24561.4 380.91
24955.8 156.172
25142.7 381.882
25247.1 651.244
25412 1280.459
25620.5 1269.136
25745.6 340.309
25828.3 855.314
26076.9 1518.616
26224.2 1529.607
26783.8 280.092
26804.2 274.62
26865.4 211.622
27031.1 329.163
27176.8 1149.092
27322.9 1999.571
27371.7 408.086
27413.3 655.561
27557.1 591.468
27705.6 1764.283
27810.5 1781.973
28101.7 532.856
28224.6 510.089
28245.5 648.546
28493.7 379.616
28576.8 1206.07
28742.7 1022.94
28930.3 472.053
28950.7 139.934
29033.3 142.713
29053.6 165.21
29137.2 156.135
29157.6 152.795
29220.6 478.801
29387.2 152.729
29469.1 150.332
29531.1 266.341
29634.4 388.426
29780.3 654.46
30008.6 339.288
30197.7 2308.214
30343.3 213.875
30808.7 283.581
30892.7 1480.527
30913.2 268.694
31016.8 963.181
31099.8 270.681
31492.4 389.798
31638 1144.008
31679.1 404.028
31722 1784.748
31907.9 142.801
31950.3 1510.43
32095.3 1216.201
32156.8 227.498
32237.7 204.751
32259.9 1897.277
32280.6 530.169
32429.3 3018.934
32450 506.779
32470.9 649.97
32533.9 659.313
32702 1028.458
32763.5 337.624
32784 285.141
32824.6 338.279
33073.2 399.427
33176.8 150.89
33237.7 187.688
33546.5 146.768
33670.9 1402.086
33858.6 1332.31
33879.3 537.675
34003.4 275.657
34375.8 804.895
34579.4 234.334
34745 1083.805
34868.2 451.522
34929.7 267.084
35033.2 161.676
35199.6 559.761
35303.9 1516.92
35388.1 1641.925
35864.2 159.19
35946.8 521.658
36048.4 140.479
36421.7 2022.047
36503.1 464.858
36687.7 983.244
36833.1 705.123
36894.6 335.045
37018.9 397.0
37309.5 904.053
37370.7 532.384
37412.2 482.418
37618.5 267.481
37887.5 609.311
38137.7 646.088
38202.3 3144.24
38263.9 601.524
38306.1 1146.533
38659 1013.956
38885.2 160.842
39050.8 1159.336
39072.6 1467.075
39155.3 265.285
39217.5 782.704
39340.7 344.676
39381.7 283.321
39670.5 1024.485
39741.9 416.813
39867.6 1418.646
39888.2 389.617
39908.7 280.217
39950.1 407.218
40031.5 214.937
40115.9 2009.866
40342.9 265.292
40466.6 224.523
40682 1253.233
40702.5 278.898
40993.8 651.874
41034.6 495.263
41180.6 656.815
41264.4 1148.828
41326.4 393.76
41573.3 165.708
41718.3 146.085
41863.5 528.29
42483 287.816
42545.8 1039.623
42587.8 396.386
42918.6 963.048
43146.6 1909.768
43187.7 154.32
43311.7 538.255
43540.5 206.238
43748.7 266.831
43792.2 2701.659
43895.9 381.184
43938.3 1286.677
44063 402.597
44145.5 648.266
44207.1 407.897
44227.4 144.393
44247.8 152.147
44331.4 645.141
44558.6 214.418
44890.7 1405.892
45016.6 1794.908
45853 167.192
46080 290.513
46203.7 1029.174
46369.3 389.488
46390 455.445
46474 1653.375
46557.7 1458.267
46723.1 480.241
46950.3 152.081
47157.7 406.622
47365.4 1154.732
47468.9 833.453
47799.7 1217.144
48006.3 755.513
48070.6 2654.055
48173.7 771.011
48216.5 1648.064
48237.1 411.301
48259.2 1897.67
48280.6 1155.546
48363.7 411.144
48446.3 151.827
48527.3 141.465
48630.7 1789.082
48652 1026.412
48672.4 154.54
48922 588.318
49114 3498.151
49218 1005.198
49442.6 534.337
49464.4 1619.475
49568 382.231
49588.6 447.836
49703.7 3328.179
49996.8 154.193
50252.7 958.259
50334.4 603.742
50374.9 178.212
50437 1334.743
50477.8 461.088
50830.6 2530.063
50873.3 1778.402
51072.8 3268.345
51196.5 143.707
51219.3 2652.429
51363 537.346
51383.4 245.883
51425.2 900.691
51817.8 257.797
51838.6 520.727
51983.9 220.229
52005.5 1392.985
52109.5 653.629
52379.7 1643.312
52835.2 285.239
52918.7 1971.69
53387.9 3699.421
53866.4 643.866
54053.4 538.092
54241.2 1264.877
54345.6 2020.292
54596.9 657.725
54702 1643.953
54787.4 3516.491
55146.4 447.439
55208.6 410.805
55229 150.452
55375.1 1474.009
55550.4 136.233
55570.8 159.951
55779.6 651.499
56235.9 1161.423
56672.3 648.783
56796.2 528.928
56837.5 150.887
57023.1 475.804
57127.5 1263.836
57317 2834.616
57545.3 1787.116
57651.5 2890.735
58078.8 3009.573
58143.9 3298.295
58188.7 3791.019
58209 141.704
58466.5 155.888
58634.2 1644.398
58964.6 641.381
59109.4 654.646
59275.9 416.688
59380.1 390.057
59423.7 2404.316
59444.9 894.703
59572.7 5230.665
59924.9 656.745
60472.3 381.843
60534.6 784.494
60681.2 1000.013
60722.6 661.567
60745.5 2759.426
60973 168.409
61056.2 1587.233
61203.4 1034.434
61473.1 265.81
61658.4 913.141
61825.5 1906.217
62072.3 693.877
62279.4 1149.817
62299.8 138.063
62496.7 766.468
63087.7 645.8
63190.2 912.046
63274.3 784.177
63337.8 1144.345
63840.9 2904.607
63924.9 765.095
64143.9 3590.573
64227.8 1032.652
64249.6 1517.473
64689.9 1146.479
64771.7 892.4
64985.9 149.406
65173.8 463.474
65298.9 1012.52
65381.3 273.286
65632.1 1406.409
65805.9 264.738
65888 275.026
