222.89 541.865
404.783 976.948
487.944 404.993
568.968 192.562
805.654 2908.672
960.207 1551.186
1324.88 1517.19
1654.88 3626.697
1696.13 945.606
2044.47 372.87
2068.62 3452.833
2132.18 876.982
2175.52 1244.296
3041.29 531.445
3470.8 363.902
3522.31 1206.938
3594.28 1190.272
3615.15 641.029
3962.19 254.552
4137.04 909.684
4157.62 361.456
4178.14 291.026
4201.24 2883.302
4444.44 892.3
4513.34 647.685
4922.07 885.284
4963.44 1086.321
4984.31 659.138
5006.3 1741.979
5068.68 1466.872
5482.44 630.96
5720.75 4265.961
5742.15 1150.825
5953.45 6262.982
6017.93 2521.728
6148.89 605.328
6212.65 2278.958
6494.81 1770.062
7030.45 290.681
7179.4 1020.919
7402.35 751.919
7424.97 2396.396
7531.93 1264.31
7553.3 1152.72
7839.11 535.868
7922.22 659.542
7942.84 384.688
8140.41 2400.41
8289.25 2039.967
8633.8 520.634
8911.47 813.429
9033.7 1713.674
9130.81 1831.004
9196.65 1080.257
9238.15 528.822
9391.86 619.698
9707.27 396.644
9861.59 681.585
9882.49 665.965
10015.8 1270.011
10086.6 425.636
10110.2 3406.295
10415.6 1212.303
10660.8 534.432
10903.6 781.577
10927 3150.792
11075.2 605.158
11139.3 1532.135
11245.4 509.669
11373.1 383.124
11477.1 2268.433
11498 641.632
11674.6 647.448
11715.9 1095.016
12296.5 1997.317
12344 359.269
12824.9 1149.378
12932.6 521.092
12954.4 1472.018
13001.9 1790.761
13237.8 998.517
13260.3 2280.396
13515.4 1260.539
13795.2 385.614
13899.8 2154.734
13943.7 3134.676
13964.7 778.396
14008.7 1402.966
14840 540.303
14911.4 1015.138
15097.9 657.744
15120.1 2017.581
15211.2 379.073
15231.8 406.262
15273.4 418.286
15344.3 493.308
15531.4 2610.809
15582.3 569.443
15644.7 1085.746
15687.6 2587.853
15709.6 1547.71
15730.7 731.175
15771.8 406.884
15864.4 506.858
16028 2651.293
16048.6 394.826
16293.8 402.884
16483.8 2649.78
16686.6 1517.838
16783.6 5522.369
16807 3264.095
16848.2 786.081
16868.8 406.191
16952.1 658.603
17181.1 499.357
17224.8 3463.223
17351.3 887.263
17468 1415.634
17606 1138.229
17627.9 1662.953
17795.7 1402.46
17837.3 404.685
17925.9 624.558
17947.1 1023.93
18090.6 340.708
18532.5 400.825
18637.1 765.884
18901.2 3529.648
19237.5 2906.363
19543.5 1222.907
19716.7 2550.847
20155.4 1322.253
20177 1390.929
20311.7 653.692
20333.1 1159.776
20405 661.353
20426.7 1406.263
20650.7 781.218
20694.8 1281.463
20736.8 402.484
20947.3 1019.385
21041.5 3401.147
21105.9 711.629
21209.5 1388.977
21292.1 1012.893
21333.5 1089.2
21976 1267.684
22246.7 2714.804
22288.3 392.555
22446.1 2782.239
22647.6 511.063
22690.2 1763.793
22793.3 531.614
22814.6 1015.87
22942.5 1072.323
23105.7 530.662
23225 1281.551
23580.4 2643.757
23867.5 896.198
24110.5 2076.628
24131.7 992.432
24225 1515.22
24296.7 1409.629
24338.4 757.722
24463.5 2399.901
24678.2 405.131
24827.6 776.799
25007.6 1080.483
25071 2476.546
25233 3378.568
25381.9 3020.115
25403.3 1124.802
25465 646.291
25516.5 1192.691
25610.4 965.323
25631.4 763.159
25712.5 741.062
25827.9 1402.974
25934.2 903.084
25979.1 2277.702
26250.5 460.214
26380.6 1507.276
26424.8 633.789
26489.9 1166.196
27140.2 2019.664
27411.6 1015.348
27432.4 651.024
27474.7 1655.674
27581.8 794.495
27602.4 408.593
27802.7 3555.822
27875.4 1654.25
28226.4 1657.315
28372.1 470.322
28437.1 531.923
28503 2400.854
28545.2 1155.122
28567.4 1886.941
28751.4 660.741
29031.3 650.739
29198.4 394.233
29372.9 1005.162
29419.2 666.604
29671.1 1018.508
29873.2 540.521
30297.7 3275.717
30386 1282.261
30407.2 1012.43
30519.3 804.159
30931.7 976.076
31211.8 1971.587
31233.2 1058.459
31498.8 453.72
31595.3 374.509
31755.5 394.593
31839.9 1092.508
31861.9 1761.667
32000.1 457.154
32125.2 644.006
32317 2076.166
32358.8 1040.099
32401 894.652
32422.6 1394.233
32487.2 898.344
32528.4 965.086
32571.5 904.15
32755.6 1142.807
32806.4 450.791
32972.5 1485.127
33203.3 406.61
33324.9 1028.587
33346.5 1382.81
33435.1 751.896
33628.4 1057.944
33816.2 2521.733
33900 649.164
33962.8 1579.435
34177.2 644.043
34472.7 1810.584
34585.3 2408.544
34628.4 752.744
35040.4 746.941
35266 776.06
35472.2 1309.676
35678.3 2754.032
35824.8 2766.808
35886.6 582.608
36000.5 2650.471
36506.2 3035.357
36561.2 4696.238
36602.7 518.078
36719.1 1314.046
36762.8 888.087
36850 461.307
37159.9 1028.204
37669.7 877.974
37796.3 2391.989
37920.3 1416.18
38056.2 895.31
38077.1 647.659
38144.7 525.673
38334.8 1895.895
38420.1 2155.375
38587.5 3012.334
38608.7 983.653
38975.7 2543.24
39018.1 533.476
39039.6 1254.704
39397.6 392.869
39419.7 1780.161
39440.5 620.463
39622.7 903.418
39647 4024.105
39786.5 276.525
39850.6 1727.102
40100.8 1294.751
40240.3 1156.859
40427.1 1662.159
41093 2278.003
41164.8 291.196
41292 1306.016
41628.2 786.852
41894 539.852
41915 760.902
41957 890.165
42066.6 915.866
42285.8 2182.135
42328.4 889.657
42436.2 901.303
42562.7 2003.915
42626.4 1587.288
42997.9 767.831
43019.1 1033.281
43061.4 408.433
43082.2 644.184
43146.8 899.354
43192.1 397.244
43213.3 1017.33
43433 663.578
43607.5 1267.754
43672.2 1404.313
43736.6 772.853
44004.4 588.976
44156.2 519.531
44200.7 3279.343
44319.6 1092.664
44868.8 405.983
44933.4 2286.091
45079 2274.079
45122 899.309
45322.2 407.588
45522.8 665.473
45566 382.433
45679 1269.076
45835.3 512.627
46210 615.558
46522.4 1156.93
46808.7 1001.37
46830.1 1155.144
46850.9 644.636
46871.6 396.542
47060.2 1888.484
47186.8 644.317
47250.8 1406.72
47585.4 1527.202
47648.9 1265.294
47843.3 1720.151
48023.2 1279.948
48150 1006.752
48212 766.14
48317 1841.154
48420.7 1131.73
48527 660.401
48758.6 646.122
48823.3 3515.478
48910.9 649.653
48933.6 2393.387
49387.3 394.747
49489.5 842.155
49641.8 370.706
49811.6 2407.53
49857.3 2753.655
49878.3 771.302
49941.2 416.532
50033.7 953.089
50078.8 1648.143
50187.9 456.625
50432.8 2713.844
50786.4 400.048
50828 1340.34
50869.2 616.226
50891.1 1522.382
50911.7 408.908
50956.3 1287.161
51003.2 1595.068
51157.3 484.66
51325.7 2147.885
51658.3 1400.239
51700.1 1140.101
51751.8 1323.992
51795.2 3211.459
51889.7 679.748
51953.3 1388.304
51997.7 572.333
52565.1 645.134
53047.6 1832.868
53662.4 4140.975
53837.9 1269.955
54012.9 1154.39
54353.7 508.363
54425.8 2158.09
54446.6 514.302
54508.5 467.46
54667.8 888.852
54712.5 1646.21
54958.8 773.529
55151 553.36
55171.7 414.237
55192.3 389.594
55212.9 403.224
55294.3 419.211
55336.6 408.18
55481.7 2285.774
55525.4 1646.147
55588.4 1949.083
55709.9 601.791
55771.9 470.111
55984.1 5151.879
56109 1762.922
56154 1772.891
56279.9 2029.177
56302.9 2766.772
56493.8 406.825
56691.5 1586.463
56735.7 3266.439
56777 381.806
56984.5 1330.741
57478.5 2382.106
57683.4 1093.63
57726.3 2591.285
57746.9 406.604
58022.5 2749.957
58213.4 4753.781
58492 777.221
58681.6 655.897
58763.7 2555.643
58945.5 1013.115
59181.4 1267.947
59330 484.822
59659.5 4027.906
59753.7 445.775
59796.2 2224.266
59817 638.312
59900.3 1020.682
60209.2 1390.913
60301.9 2282.167
60486.8 3019.805
60637.8 522.121
60730 1169.589
60820.3 666.098
60841.5 1013.444
61125.8 1846.624
61211.4 2526.818
61275.4 758.0
61363.3 2265.908
61618.9 778.124
61815.6 2664.913
61877.6 381.35
61899.2 1287.527
62149.8 763.318
62434.4 3335.7
62576.2 652.482
62651.6 1635.075
63117.1 390.744
63388.3 1384.182
63587.2 1530.359
63629.8 656.934
63703.8 1402.709
63811.9 1774.624
63857.3 2645.904
64181.3 2325.558
64202.6 1020.521
64321.4 1394.217
64342.4 782.557
64793.4 2388.049
64814.3 652.654
65030.7 1998.311
65094 698.295
65189.7 443.035
65251.7 1158.454
65624.6 1627.77
65880.2 389.88
65944.1 1129.46
66118.1 1518.012
66291 2725.195
66420 1035.949
66607.7 644.545
66629.3 1164.854
66672.2 1544.066
66694.2 1640.125
66746.8 2297.797
66768.4 1181.985
67077.5 1577.254
67099.4 1635.811
67167.9 2769.73
67213 396.019
67468.2 1394.024
67630.9 450.6
67816.2 4981.032
68184.2 396.334
68255.5 473.976
68429.6 3334.407
68500.9 407.26
68567.5 1648.94
68588.1 401.741
68705.9 636.997
68726.7 652.604
68830.1 1087.051
69028.5 3403.604
69090.6 1792.347
69177.1 1017.482
69252.3 1283.337
69376.3 456.47
70099.3 661.786
70288.1 524.197
70397.1 1912.044
70418.1 771.948
70745.4 533.495
71083.7 1394.365
71298.1 1752.491
71339.5 517.642
71360.2 534.773
71422.6 1150.748
71714.7 930.203
71822.7 1103.15
71940.5 2037.717
72026.5 1038.963
72131.8 2015.238
72413.1 842.172
72433.9 654.972
73194.9 1213.865
73377.6 3374.767
73998.4 269.639
74082.2 521.131
74377.2 401.588
74482.8 1769.915
74587.3 641.334
75040.9 3038.5
75159.2 1089.725
75220.8 1262.764
75382.4 821.418
75760.4 655.348
75845.9 331.635
76004 1344.186
76132.6 395.621
76199.5 765.557
76400.6 802.375
76444.7 958.924
76466.3 1395.393
76487.7 1141.646
76612.7 691.485
76767.8 639.585
76833 370.83
76999.3 392.37
77154.4 494.206
77531.4 955.433
77552.8 1154.409
77688.7 446.225
77839.1 1012.628
77861.2 1904.201
78125.5 4319.81
78326 393.407
78346.6 390.848
78576.7 4950.497
78731.9 2778.254
78797.5 637.402
78842.8 3262.201
78977.1 3017.991
79202.3 746.371
79223.5 1027.454
79309.9 3634.537
79416.4 1046.637
79620.6 1641.223
79725.5 1010.271
79848.4 317.226
79912.5 888.804
79934 1268.416
79995.8 457.291
80088.1 409.159
80226.2 1321.333
80247.4 909.559
80320.4 762.043
80411.8 2274.771
80633.2 573.671
80852.8 1138.809
81217.9 974.518
81376.4 1204.129
81524.5 1212.18
81597 1270.348
81785.5 2339.763
82004.1 2509.997
82393.3 1107.199
82728.7 903.988
82793.9 381.262
83063 645.238
83084.6 1407.39
83107.1 2261.919
83224.4 2081.997
83246.3 1631.73
83333.5 2850.645
83542 1615.649
83924 643.135
83944.9 645.964
84067.9 390.048
84088.7 663.876
84111 2020.005
84153.5 385.133
84227.2 1355.932
84405.5 966.393
84426.1 415.97
84701.1 557.319
84807.4 2829.598
85045.5 364.96
85088.2 1527.427
85342.3 2223.684
85552.5 1411.557
85719.1 466.724
85739.8 390.043
85854.7 3034.634
86024.5 475.699
86068.7 1495.887
86142.6 3585.797
86320.3 1638.023
86361.3 728.059
86612 1229.265
86809.4 1006.321
87005.5 1388.912
87069.2 1263.127
87218.8 776.585
87396.2 1141.091
87585.7 902.276
87679.4 1526.217
87816.2 403.059
87924.4 642.437
87990.2 4084.259
88183.1 6281.868
88310.1 1407.298
88426.7 782.155
88450.1 2845.67
88576.5 3014.153
89013.8 1399.823
89035 896.655
89305.1 2094.563
89578.4 645.475
89997.9 2531.244
90180.1 4284.499
90322 2762.894
90344.5 2276.412
90767.5 536.522
90788.4 635.193
90944.3 777.137
90966.9 2392.835
91085.3 1762.739
91358 663.159
91493.6 371.484
91607.5 776.941
91719.5 1514.782
91740.2 532.427
91804.2 1963.546
91825.5 1029.427
91969.1 349.903
92010.2 797.271
92051.6 432.354
92722.9 788.078
92788.4 2698.754
92912.7 350.699
92935.2 2273.599
93136.1 1081.432
93220.4 912.823
93240.9 267.863
93348.9 343.436
93390.8 1692.405
93502.2 272.993
93660.5 1270.606
93766.2 1779.914
93837.6 1023.498
93858.2 411.2
93880.2 1775.053
93922.6 909.318
94096.3 875.32
94288.4 6652.898
94479.6 515.932
94502.1 2271.797
94621.3 1011.438
94891.5 3155.477
94975.8 2254.215
95295.2 1260.407
95316.5 1035.415
95424.6 1282.041
95812.2 1008.968
95940.6 641.111
96231.2 1654.117
96292.9 462.063
96314.6 1497.315
96375.9 859.982
96440.2 2334.791
96482.1 888.685
96503.6 1269.522
96740.8 415.187
96762.1 1144.538
97022.7 1430.558
97065.4 2436.775
97136.2 401.012
97157.5 1066.248
97263.4 837.494
97286.5 2895.492
97349.6 255.378
97562.8 276.689
97729.4 993.037
97793.8 1783.04
98014 1642.461
98054.7 468.384
98235.5 547.075
98281.1 1161.119
98347.9 1283.546
98724.1 2025.942
98787.1 1619.292
98828.8 894.417
98964.4 481.265
99030.7 658.239
99123.2 349.368
99506.6 877.088
100192 518.97
100890 1261.563
101284 789.569
101325 593.347
101348 2980.514
101458 1086.245
101743 640.299
101893 525.736
102006 792.467
102090 896.314
102132 1242.217
102174 396.139
102262 707.688
102334 1270.363
102475 1251.61
102849 1024.959
102983 1648.907
103184 406.313
103330 348.408
103371 361.57
103466 2329.427
103689 647.137
103754 926.034
103797 531.451
104072 2191.684
104134 594.792
104268 270.49
104289 529.938
104371 281.636
104392 638.397
104839 1500.656
105141 1531.067
105205 533.123
105382 575.215
105639 369.548
105660 283.112
105790 1888.796
105894 2334.967
105958 663.095
106065 1401.796
106152 519.072
106173 632.241
106261 762.158
106303 517.349
106368 1025.021
106389 509.517
106492 723.32
106563 701.4
106635 1771.59
106679 526.955
106829 1147.202
107092 390.11
107541 656.112
107603 766.577
107750 580.487
107956 1512.108
108046 394.906
108393 806.941
108414 853.892
108662 838.637
108822 1604.015
108894 406.101
109031 1913.953
109572 1819.844
109696 1101.98
109905 404.4
109970 388.448
110053 517.568
110157 787.816
110290 6623.15
110463 1249.859
110686 757.029
110708 1264.911
110835 391.868
110982 1266.984
111097 1573.746
111383 3768.401
111444 786.549
111844 1006.876
111938 448.15
112055 448.846
112096 710.66
112159 2141.014
112339 402.833
112844 399.815
113039 406.547
113126 1407.32
113344 388.502
113673 1534.922
113830 525.424
113978 2394.819
114081 419.749
114520 410.519
114541 1136.024
114815 831.542
114922 914.578
114965 782.642
115007 526.584
115113 893.167
115330 629.175
115476 351.574
115517 380.828
115560 644.09
115662 783.49
115768 805.164
116209 636.201
116315 391.43
116465 2409.955
116718 410.043
116862 785.361
116904 424.634
117230 399.558
117388 759.314
117409 551.153
117432 2872.057
117857 1783.266
117878 498.807
117899 779.957
117942 2780.361
118008 1266.565
118134 1272.206
118239 1157.298
118306 2701.568
118388 1332.562
118782 592.783
119107 2280.96
119225 1395.339
119957 523.309
120109 2255.933
120130 679.028
120236 763.414
120373 1260.056
120396 1784.132
120637 962.452
120660 2145.754
120938 1155.532
121228 2217.475
121269 417.234
121331 645.23
121547 844.74
121622 747.642
122027 754.431
122267 415.207
122360 648.863
122381 1282.662
122532 1974.011
123103 783.282
123209 1273.581
123316 914.374
123337 1135.335
123359 1286.567
123471 3382.165
123517 2268.117
123696 1841.506
123717 511.97
123760 1639.388
123781 773.997
123801 417.971
123934 3643.391
124000 1166.316
124584 769.781
124652 1784.503
124673 643.759
124862 1009.811
124883 1398.083
125072 1138.439
125113 390.757
125200 1776.938
125282 1533.498
125793 1897.216
125845 1325.19
125979 788.195
126020 1101.369
126108 3274.978
126217 3528.764
126302 1034.425
126495 390.843
126516 654.349
126751 477.024
126832 484.023
126881 2656.434
127042 1518.496
127063 528.111
127169 1535.357
127211 484.758
127313 679.892
127463 4467.758
127515 1495.665
127536 736.17
127666 775.222
127781 430.287
128007 5415.718
128049 402.174
128112 508.021
128387 1395.289
128501 587.289
128608 1398.284
128758 886.174
128799 1467.779
128844 1763.848
129083 408.464
129341 390.501
129427 897.716
129592 787.119
129697 527.953
129759 1520.111
129808 3075.841
129830 1908.287
129975 1656.098
130104 780.407
130207 758.17
130392 526.286
130432 467.931
130577 362.717
130725 620.167
130859 584.21
131067 5417.171
131134 1337.543
131247 2159.747
131289 1140.442
131386 4082.431
131469 1531.385
131569 1202.011
131714 638.653
131737 1982.082
132178 2553.843
132272 591.542
132510 1362.093
132530 647.347
132648 804.588
132670 1121.648
132857 831.733
132972 3101.326
133057 533.74
133272 790.734
133369 1941.739
133390 389.373
133478 1337.28
133519 391.568
133666 1654.015
133815 1267.371
133858 2708.585
134487 1126.447
134514 6541.38
134638 836.127
134714 2460.291
135010 1912.561
135164 785.474
135479 2049.937
135563 1590.192
135616 2939.297
135845 906.148
135908 2171.288
136389 2213.164
136410 1017.685
136688 1003.764
136939 2713.347
137171 721.504
137217 1478.997
137311 400.093
137333 2157.221
137710 1406.155
137731 898.052
137941 2053.836
138111 1260.717
138788 403.015
138936 726.227
139113 2648.6
139274 1015.179
139338 1777.813
139523 3342.821
139584 655.955
139627 1139.712
139691 1465.162
140002 3787.075
140090 418.256
140259 1028.029
140305 2899.021
140498 531.78
140651 3259.345
140694 771.347
140779 1500.673
140906 635.779
141142 614.213
141337 782.222
141358 654.371
141422 2400.789
141486 1385.067
141550 416.722
141812 449.96
141944 509.47
142172 1265.181
142242 765.647
142303 531.989
142485 657.473
142507 2521.847
142609 1601.49
142748 1530.151
142791 2009.099
142854 840.44
142918 1005.552
142961 1786.267
143023 398.694
143044 403.755
143305 957.987
143560 894.142
143802 2533.655
144181 639.198
144222 524.638
144460 397.439
144481 630.122
144545 2530.692
145325 468.968
145414 654.963
145508 1279.234
145749 403.239
146042 769.449
146105 780.547
146335 462.833
146444 411.161
146646 1394.613
146783 2776.094
147055 588.271
147120 528.585
147245 643.458
147266 905.504
147539 566.962
147652 1328.751
147673 1028.098
147694 393.554
147800 1785.188
147995 1021.239
148046 439.206
148285 5493.028
148379 774.028
148569 488.448
148591 2122.507
148677 1653.463
148741 649.643
148960 670.125
149083 839.986
149147 1184.901
149281 903.491
149343 771.735
149587 555.65
149649 1169.457
149733 392.754
149754 772.913
149859 332.902
149902 397.502
149943 348.297
149984 398.034
150120 3334.814
150141 410.022
150248 3977.079
150392 769.206
150563 1086.103
150629 2254.818
150723 1583.292
150765 1836.126
150876 1146.153
150898 1940.228
151010 2122.651
151592 388.167
151643 687.4
151724 849.415
151808 511.809
151848 473.558
151954 1340.545
152109 1026.677
152220 777.579
152438 1088.551
152524 600.512
152745 659.653
152768 2379.132
152861 654.774
153162 377.784
153344 770.449
154104 893.352
154275 515.853
154401 505.76
154590 781.018
154611 515.277
154716 479.086
154810 2200.962
154873 649.292
155018 1907.767
155572 1403.051
155757 1659.634
155778 1012.278
156032 1178.045
156144 393.883
156186 765.855
156250 1592.613
156497 2450.671
156728 536.465
156834 643.448
156949 282.08
157013 751.619
157057 272.131
157098 979.786
157140 268.224
157183 647.175
157265 786.178
157556 658.147
157835 450.981
158104 254.642
158421 2236.501
158515 1162.843
158536 273.997
158753 1582.379
159074 529.152
159140 1646.657
159183 334.075
159277 229.495
159455 286.58
160053 516.239
160094 344.614
160293 576.474
160314 910.718
160504 1514.273
160641 638.212
160992 452.223
161033 280.353
161054 779.172
161138 774.728
161202 1393.318
161224 1322.905
161288 283.843
161424 3138.64
161508 343.052
161722 2399.321
161743 903.051
161849 403.13
161900 721.923
161922 1635.828
161973 848.058
162097 3153.553
162139 271.343
162160 660.632
162201 281.579
162609 2282.385
163157 652.788
163369 7492.625
163842 661.996
164179 341.619
164315 1220.982
164485 766.966
164549 2516.806
164676 523.62
164855 752.354
164989 890.369
165031 323.472
165154 281.401
165238 1027.472
165259 369.343
165299 480.087
165350 332.377
165456 340.753
165607 1184.457
165649 945.953
165819 2344.016
165949 651.609
166011 709.001
166052 720.98
166322 774.157
166470 365.397
166756 1804.589
167109 1028.593
167225 1951.845
167246 1001.646
167328 1102.828
167505 905.486
167527 2030.408
167548 280.14
167856 613.603
167957 665.516
167999 1292.521
168259 598.792
168447 415.373
168541 400.212
168562 632.326
168636 1071.092
168759 556.966
168902 2365.084
168954 1443.787
169316 1366.794
169452 1652.764
169667 1537.86
169774 1378.872
169815 919.826
169903 2255.755
169965 649.294
169989 3474.156
170125 653.256
170313 1810.738
170334 280.57
170385 921.928
170407 1415.434
170791 394.381
170812 787.085
171148 404.899
171212 1269.864
171370 660.553
171633 594.773
171920 713.5
171942 2022.269
172046 405.652
172068 1287.49
172275 1985.606
172513 907.595
172872 1769.101
172943 525.165
172965 2280.033
173074 269.628
173471 7142.922
173577 405.69
173859 1027.362
173907 778.949
174229 1141.183
174249 404.801
174332 1217.006
174492 786.46
174587 1882.718
174815 888.11
175386 1005.255
175409 2992.23
175597 1687.259
175618 531.997
175725 1654.073
175809 652.168
175831 1256.711
175882 811.063
176079 3030.715
176353 1333.811
176526 1205.076
176590 1774.205
176879 1068.091
177239 408.627
177488 846.51
177745 403.091
177892 1401.47
178157 2579.534
178245 2392.592
178266 410.481
178372 1832.496
178414 2341.937
178789 357.088
179189 2524.061
179394 897.342
179487 393.357
179804 1529.294
179866 956.312
179888 1252.662
179928 386.797
179951 2013.875
179972 908.218
180101 652.762
180470 1405.059
180493 2897.433
180557 2086.825
180642 779.335
180715 1896.319
180883 631.084
180986 2036.35
181052 1407.514
181073 891.617
181094 903.032
181336 1282.432
181398 408.061
181533 1202.113
181638 645.472
181690 1191.482
181753 443.13
181797 655.208
181818 391.377
182195 984.603
182216 870.092
182237 827.71
182362 646.004
182603 654.923
183033 903.925
183164 401.976
183206 1087.921
183551 405.252
183813 1271.541
184260 414.09
184321 513.777
184363 387.087
184611 664.75
184888 2894.771
185181 895.671
185643 2473.828
185710 2403.669
185877 364.287
185919 2153.05
186063 1060.451
186085 2120.436
186276 473.945
186297 410.834
186317 518.294
186422 1157.267
186741 777.933
186890 398.155
186953 701.653
187092 768.383
187134 875.186
187394 412.875
187562 1842.542
187687 2841.435
187780 654.784
188262 650.128
188567 1278.169
188778 720.738
188840 1020.54
188979 2648.009
189087 4405.495
189276 1533.095
189361 777.903
189567 1364.739
189650 900.474
189672 1630.414
189984 836.586
190439 1660.242
190668 3265.591
190773 838.611
190997 790.801
191042 801.039
191107 1145.458
191442 892.692
191516 2837.039
191732 1134.153
191845 1025.064
191915 532.329
192086 1882.015
192454 1468.034
192654 1922.059
192699 649.389
192762 905.021
193065 1024.609
193107 508.653
193255 491.169
193319 759.762
193364 3279.659
193385 977.966
193457 1496.625
193619 1285.331
193702 349.923
193893 637.249
194071 1152.373
194143 1576.334
194418 904.532
194570 1079.338
194796 1404.882
195078 589.756
195181 1107.069
195325 410.263
195481 770.456
195682 393.701
195922 526.864
195943 903.214
196103 1746.603
196222 528.919
196492 377.376
196533 354.697
196804 272.068
197302 1389.334
197384 2015.569
197450 1705.943
197640 1628.43
197859 309.195
197965 914.51
197986 373.0
198089 334.451
198466 1022.552
198489 3144.851
198534 1981.106
198658 502.973
198816 1282.183
199195 305.327
199239 3019.95
199260 665.04
199281 513.115
199301 289.028
199498 5517.013
199562 285.984
199603 853.085
199644 718.172
199687 1274.462
200097 575.143
200289 603.888
200659 2382.693
200771 615.959
200791 522.02
200832 355.466
201161 713.182
201622 355.174
201673 807.273
201833 453.471
202139 2398.996
202229 2917.536
202249 312.791
202342 1145.321
202463 1529.896
202734 644.687
203101 528.238
203206 390.024
203321 1781.934
203500 267.628
203608 2963.204
203700 652.19
203764 2393.091
203785 404.266
203836 1445.063
203979 772.523
204102 1029.299
204167 394.657
204190 2774.732
204300 758.967
204835 786.116
205047 386.421
205092 362.42
205284 3715.648
205349 864.842
205370 646.764
205413 384.403
205640 1763.159
205863 2654.651
206402 732.407
206567 745.271
206754 853.158
207036 712.217
207228 632.6
207248 669.296
207364 586.613
207429 1057.019
207631 328.071
207738 903.106
207762 3407.485
207783 1155.456
207845 405.577
208112 447.022
208153 598.729
208197 1281.579
208550 636.254
208572 1653.767
208592 515.026
208687 654.293
208708 651.202
208753 651.276
208857 2287.329
208879 1651.609
208899 404.779
208993 527.537
209034 345.661
209181 1909.799
209265 1902.172
209346 923.386
209744 853.081
209976 3787.045
210108 2602.754
210175 3764.373
210258 1554.245
210345 622.068
210395 325.352
210573 1034.43
210594 1267.58
210730 821.558
210888 1603.298
211329 773.561
211370 541.16
211474 589.909
211710 1802.47
211731 896.915
212215 2468.818
212267 1029.161
212492 2023.227
212702 3091.952
212798 2576.325
212922 1765.551
212986 549.858
213173 689.016
213224 746.166
216271 1764.186
216403 412.873
216913 576.693
217003 230.509
217662 1112.611
217865 1558.953
218315 2159.173
218528 451.428
219291 505.764
220042 1293.069
220185 1858.713
220266 451.352
220428 1421.539
220811 1592.491
221022 933.528
221266 1821.377
221408 994.336
221452 4039.935
222392 306.396
222505 3341.987
223290 4017.529
225018 1404.679
225340 4222.3
225506 2570.508
225528 2627.014
225579 579.9
225759 2905.694
225814 4569.303
225860 2649.874
226480 1658.145
226652 251.194
226726 3527.973
226831 4331.156
226852 768.892
227275 4566.668
227872 1959.149
228604 1240.247
228730 2449.321
