136.438 1097.642
689.049 437.895
932.2 510.831
1218.75 489.613
1292.62 2001.797
1334.39 748.715
1415.33 477.808
1467.33 1673.888
1488.06 488.199
2063.8 692.428
2114.83 667.662
2135.91 843.089
2337.1 489.374
2459.08 496.709
2653.16 1743.878
2835.61 464.944
3063.31 494.128
3148.83 1027.143
3354.59 400.003
3542.18 398.709
3562.91 505.519
3769.24 466.536
3893.6 485.136
3997.06 548.244
4099.54 523.383
4348.84 880.594
4390.59 586.609
4988.33 416.321
5070.42 410.74
5319.49 516.352
5360.23 464.359
5380.97 528.455
5814.49 577.543
5875.99 463.552
6306.99 461.043
6370.35 657.653
6514.56 463.384
6699.9 498.326
6741.52 516.649
6947.22 516.836
7133.93 493.104
7298.26 912.226
7318.87 388.05
7442.6 396.972
7546.07 403.229
7588.18 526.481
7608.93 511.214
7650.29 462.086
7795.26 536.559
7899.23 522.068
8064.68 474.639
8209.91 528.781
8230.79 578.133
8312.76 960.636
8375.74 1031.848
8520.59 406.776
8665.67 779.904
8686.29 388.774
8788.89 391.214
8850.62 427.481
9368.01 510.688
9388.99 771.529
9744.15 1010.367
9908.62 394.026
9949.37 474.826
10155.3 402.968
10299 447.252
10443.5 543.453
10464.2 503.818
10608.7 534.136
10713 529.916
11167.4 518.485
11208.6 382.22
11290.9 390.783
11443.9 400.477
11546.9 1097.817
11629.5 527.309
11795.9 533.675
11962.5 653.555
12192.6 776.771
12897.6 642.021
13292.5 725.542
13519.6 784.299
13929 639.487
13991 723.003
14053.1 640.911
14301.2 764.208
14488.2 786.906
14529.8 770.199
14716.8 773.207
14903.5 775.133
15218.2 643.288
15487.6 654.446
15758.1 762.223
15819.9 1159.786
16026.7 779.098
16047.7 776.016
16068.7 784.072
16173.2 773.826
16194.5 1033.038
16400.9 777.826
16421.9 767.833
16628.4 723.771
16813.7 708.621
16875.4 657.747
16999.4 663.619
17021.3 1508.129
17083 770.715
17374.2 771.678
17891.9 628.045
17933.7 636.252
18098.9 713.548
18201.5 655.722
18243.6 666.051
18740.2 773.593
18843.7 721.516
19012.9 799.131
19303.4 717.276
19345.4 637.934
19449.5 652.811
19575.5 780.674
19760.4 780.456
19802.2 778.524
20027.6 761.768
20233.9 774.488
20471.2 651.708
20700.4 1259.9
20906.5 781.921
20987.9 657.42
21008.9 775.432
21298.6 1016.65
21360.8 762.925
21567.9 778.132
21928.8 649.097
21949.7 657.046
22033.2 640.724
22157.9 647.903
22428.9 771.651
22614.3 1140.176
22719.6 2138.159
22803 747.73
23063.1 746.036
23105.2 642.216
23126 638.204
23146.9 665.016
23168.7 1581.535
23294.5 725.714
23606.7 1269.56
23833.5 763.683
24265.9 832.485
24286.9 783.203
24370.5 789.082
24391.5 785.621
24433.7 765.379
24580.8 1408.82
24931.1 773.974
24973.5 778.588
24994.4 758.616
25118.4 1018.802
25160.9 755.786
25536.8 770.19
25703.6 763.023
25891.3 662.567
26016.8 1527.41
26183.1 659.626
26786.6 768.951
27202.2 636.283
27223 644.959
27306.1 652.196
27597.2 957.618
27784 767.821
27826.2 788.118
28074.4 765.124
28302.6 841.036
28655 645.209
28822.7 1402.745
28884.7 739.124
28947.8 1757.095
29131.6 732.656
29257.9 759.222
29571.9 1275.765
30613.9 714.446
30971.3 895.918
31116.8 631.5
31220.2 645.227
31301.3 737.963
31363.9 637.775
31508.9 664.604
31819.1 1517.116
31902.6 780.435
31966.2 901.672
31987.2 764.724
32276.2 789.985
32464.4 640.771
32773.7 751.274
32899.3 1154.611
32981.3 531.921
33044.8 759.363
33127.3 774.33
33209.4 763.712
33251.1 759.333
33272.8 1403.082
33462.4 1266.751
33483.3 646.508
33566.4 788.131
33649.5 1384.458
33721.5 1016.225
33763.2 657.938
33845.7 531.371
34073.2 1023.351
34631.4 643.679
34652.3 650.901
34673.7 990.026
34797.6 646.449
35090.3 640.911
35419.9 531.939
35673.7 780.602
35715.9 1261.954
35757.9 651.508
35820.5 632.654
36005.7 653.759
36088.2 648.007
36254 653.589
36417.6 661.553
36789.7 893.904
37245.9 1273.354
37327.9 641.293
37452.2 643.095
37555.1 649.339
38068.7 522.969
38110.4 598.543
38172.9 529.264
38193.8 642.001
38235 641.697
38255.9 643.649
38379.7 657.574
38527.1 1089.131
38568.6 649.31
38714.9 1275.998
39023.3 662.768
39208.5 779.499
39269.4 523.573
39310.6 504.691
39351.5 598.53
39414.4 521.13
39435.1 533.926
39642.1 535.69
39889 639.788
39951.6 656.711
40158.1 650.01
40323.1 642.418
40344 661.065
40489.1 510.009
40632.8 552.609
40674 524.385
40695.7 1288.699
40944.2 644.238
41027 650.655
41110.1 642.733
41382.4 647.402
41467.1 661.14
41529.5 671.177
41591 709.077
41714.9 950.685
41797.5 604.693
41838.8 509.648
41900.9 529.965
42044.7 1223.803
42127.1 520.368
42397.7 640.546
42603.3 634.17
42685.9 638.781
42706.8 648.976
42860.4 645.206
42902 644.739
42943.6 650.012
43296 530.568
43378.6 540.329
43420 531.557
43461.6 909.557
43696.9 649.396
43883.1 638.388
43904 653.682
44008.1 642.601
44340.7 1599.36
44444.7 529.158
44507.2 515.723
44691.9 593.937
44734.1 526.606
44919.6 645.052
44982 642.883
45127.3 659.461
45211.1 633.531
45272.7 575.173
45458.3 653.86
45622.2 644.731
45891.8 591.531
45913 900.658
45975 517.713
46201.2 531.551
46617.7 658.289
46680 644.392
46742.1 653.33
46762.9 640.883
46825.8 653.564
47014.4 629.429
47119.6 1092.28
47470.4 534.111
47512 537.464
47615 593.467
47635.7 531.361
47677.1 651.405
47904.2 658.2
48051.3 590.086
48135.1 640.753
48218.3 649.101
48342.9 1092.911
48363.8 657.722
48600.9 544.904
48621.6 529.907
48643.2 1386.933
49549.8 664.634
49903.8 519.661
49985.7 532.366
50420.8 636.825
50441.7 603.681
50772.3 600.793
50855.3 637.816
51062.5 520.173
51292.2 608.4
51398.9 522.623
51440.7 617.02
51482.2 599.257
51502.9 532.442
51666.2 637.269
51813 616.645
51895.6 643.736
51957.8 634.05
51978.7 657.439
52062 1650.739
52602.9 598.4
52644.9 531.129
52707.1 637.141
52882.8 535.414
52926.4 2649.055
53136.6 526.469
53157.5 641.411
53261.6 664.79
53329 584.584
53617 508.963
53637.9 644.79
53782.5 507.134
53864.6 396.721
53948.9 521.075
54211.7 644.375
54358.2 530.724
54399.7 652.188
54543.6 528.797
54707.6 528.364
55020 1268.215
55144.8 883.959
55186.3 780.056
55227.8 393.551
55413.1 399.479
55455.5 518.936
55498.1 515.851
55602.5 650.336
55623.4 639.382
55809.6 684.823
55871.7 644.898
56265 754.081
56431.6 487.064
56567.8 515.373
56735.8 993.196
56777.1 534.423
56921.8 645.155
57026.2 656.874
57068 651.107
57296.4 672.887
57421 901.854
57485.2 682.509
57568.7 651.99
57756.9 533.696
57777.8 596.215
57861.2 572.966
57926.2 516.643
57988.1 524.114
58008.8 519.366
58172.4 532.971
58193.3 635.889
58264.8 530.92
58285.6 638.471
58348 1156.373
58431 567.721
58493.6 643.661
58514.9 1136.41
58689.7 1016.277
58710.5 654.919
58752.5 654.765
58773.4 653.146
58794.3 656.104
59084.4 525.172
59167.7 521.213
59271 516.202
59291.7 541.192
59477.2 532.987
59643.2 538.655
60203.7 716.928
60246 655.991
60329.5 884.805
60350.4 640.003
60663.7 524.478
60726.1 646.903
60893.8 537.965
60915.1 1115.932
61218 639.195
61390.1 621.442
61773.4 542.118
61999.7 527.066
62103.9 637.252
62165.7 643.152
62227.9 654.692
62415.1 654.966
62624.7 658.599
63105 534.199
63125.7 504.786
63528.9 555.642
63653.1 641.885
63674.2 906.0
63905.6 786.472
63926.5 628.988
64195.6 644.134
64405.3 887.829
64446.6 528.177
64488.6 1016.575
64673 905.093
65190.8 621.467
65511.1 888.492
65615.2 664.248
65677.1 638.114
65718.6 519.675
65914.6 517.775
65996.4 594.631
66081.6 2017.091
66123.3 640.938
66308.7 649.425
66414 1029.227
66477 654.142
66519.7 629.711
66540.6 658.628
66707 653.803
66790.2 641.781
66915.4 654.031
66959.4 667.029
66981.1 1266.469
67262.3 529.284
67283.5 1026.761
67430.1 1144.832
67577.6 608.35
67599.2 1394.356
67912.8 1407.646
67978.9 839.411
68020.9 639.679
68458.4 535.667
68605.7 567.351
68708.1 553.569
