166.077 73.0407
316.203 76.8373
465.832 89.9987
615.815 100.132
765.815 110.737
915.783 115.389
1075.95 127.178
1215.76 146.62
1365.74 157.333
1515.74 160.972
1665.6 175.887
1815.58 183.011
1965.59 191.055
2115.57 196.748
2265.56 205.259
2416.3 208.769
2565.54 232.438
2715.54 246.028
2865.55 264.776
3015.39 278.622
3165.39 296.28
3316.88 308.469
3467.74 330.822
4515.18 422.621
4665.18 436.66
4815.16 442.032
4965.15 452.822
5115.27 469.582
5265.13 489.657
5415.12 497.108
5565.11 524.234
5714.98 538.351
5864.98 556
6014.97 566.61
6164.96 577.04
6315.2 587.314
6464.94 601.239
6614.92 615.188
6765.04 637.267
6914.91 659.683
7064.78 678.219
7214.77 683.96
7364.76 702.598
7514.75 716.907
7664.74 731.216
