275.39 7.78
401.865 8.10
557.341 7.96
703.962 7.89
852.217 7.95
1032.19 7.81
1151.58 7.79
1301.67 7.95
1451.79 8.07
1602.41 8.14
1752 8.21
1901.88 8.47
2053.76 8.62
2207 8.85
2353.61 8.86
2501.89 8.89
2652.76 8.91
2801.33 8.94
2952.21 8.95
3110.43 9.04
3252.18 9.12
4307.49 8.58
4451.1 8.69
4601.6 8.79
4756.72 8.84
4901.2 8.94
5052.82 8.95
5201.56 8.96
5351.16 8.82
5501.85 8.66
5652.91 8.57
5802.4 8.40
5952.41 8.27
6104.54 8.12
6251.24 8.02
6401.38 7.93
6551.39 7.86
6702.73 7.75
6850.71 7.67
7003.59 7.54
7150.93 7.46
7300.93 7.34
