151.789 6.77
301.712 5.48
451.623 4.50
601.601 4.46
751.59 4.09
901.568 3.97
1051.82 3.86
1201.54 4.06
1351.55 3.96
1501.53 4.07
1651.4 4.11
1801.4 4.02
1951.39 3.87
2101.37 3.87
2251.48 3.77
2401.39 3.75
2551.34 3.77
2701.46 3.83
2851.32 3.88
3001.19 4.04
3151.18 4.03
3301.17 4.03
3451.16 3.98
3601.53 3.86
3751.14 3.77
3901.3 3.64
4051.37 3.57
4201.11 3.46
4350.99 3.39
4500.99 3.42
4650.96 3.41
4800.96 3.43
4951.09 3.41
5100.94 3.52
5250.93 3.55
5400.98 3.59
5550.91 3.62
5700.79 3.68
5851.15 3.66
6000.76 3.68
6150.76 3.65
6300.75 3.69
6450.76 3.70
6600.85 3.79
6750.73 3.83
6900.71 3.92
7050.59 3.97
7200.56 3.94
7350.57 3.94
7500.55 3.95
