226.492 48.5146
373.944 64.8419
523.403 73.4858
673.631 84.4733
823.324 91.883
973.537 103.39
1123.23 117.94
1274.35 133.807
1427.16 150.708
1573.14 168.011
1723.09 180.924
1872.93 195.534
2022.91 211.192
2173.22 226.884
2322.83 242.503
2472.78 258.159
2622.74 272.241
2772.71 304.443
2922.67 326.17
3072.63 341.062
3222.47 353.827
3372.43 364.222
3522.46 378.313
3672.36 390.005
3822.32 401.344
3972.28 412.323
4122.26 425.417
4272.21 435.766
4422.05 451.049
4572.02 463.602
4721.99 478.809
4871.93 491.091
5021.9 503.195
5171.87 515.118
5321.84 526.862
5471.8 538.426
5621.76 549.808
5771.62 561.001
5921.57 572.024
6071.52 582.866
6221.48 593.529
6371.45 604.014
6521.41 618.23
6671.37 628.443
6821.34 642.57
6971.3 652.514
7121.15 666.539
7271.11 676.213
7421.07 690.159
7571.03 699.563
7721 713.42
7870.97 727.277
8021.3 741.168
8170.89 750.088
8320.85 763.854
8470.69 772.527
8620.65 786.203
8770.62 799.88
8920.57 813.556
9070.56 821.792
9220.51 835.378
9370.49 848.967
9520.43 862.551
9670.4 870.336
9820.23 883.821
9970.2 897.318
10120.2 904.742
10270.1 918.151
10420.1 931.556
10570.1 944.963
10720 951.938
10870.1 965.265
11019.9 978.571
11169.8 991.877
11319.7 998.402
11469.8 1011.64
11619.7 1024.85
11769.6 1038.08
11919.6 1051.31
12069.7 1064.55
12219.5 1077.76
12369.5 1090.99
12519.3 1104.2
12669.8 1109.88
12819.3 1130.66
12969.2 1136.1
13119.2 1149.24
13269.1 1162.38
13419.1 1175.51
13569.1 1188.65
13719 1201.79
13868.9 1214.91
14018.8 1228.05
14168.8 1241.19
14318.8 1254.32
14468.7 1267.46
14618.7 1280.6
14768.6 1293.73
14919 1306.9
15068.6 1320.01
15218.6 1333.15
15368.5 1346.28
15518.5 1359.42
15668.4 1372.55
15818.4 1395.18
15968.4 1408.41
16118.3 1421.64
16268.3 1434.86
16418.1 1448.08
16568.1 1461.31
16718.1 1484.56
16868 1487.76
17018 1511.2
17168 1514.21
17317.9 1537.83
17467.9 1551.15
17617.8 1564.46
17767.7 1577.77
17917.6 1591.09
18067.6 1604.4
18217.6 1628.65
18367.5 1642.06
18517.5 1655.46
18667.5 1668.87
18817.4 1682.28
18967.4 1695.68
19117.2 1720.55
19267.2 1734.05
19417.1 1747.54
19567.1 1761.04
19717.1 1786.37
19867 1788.03
20017 1813.54
20167 1815.03
20316.9 1840.71
20466.8 1842.01
20617.2 1867.92
20766.7 1881.46
20916.6 1895.05
21066.6 1908.64
21216.6 1922.22
21366.5 1935.81
21516.5 1949.39
21666.5 1962.98
21816.3 1976.56
21966.3 1990.14
22116.2 2003.73
22266.2 2030.68
22416.2 2057.8
22566.1 2058.03
22716.1 2071.71
22866.1 2085.38
23016 2112.87
23165.9 2112.73
23315.8 2140.39
23465.8 2154.16
23615.7 2167.93
23765.7 2181.69
23915.7 2195.46
24065.6 2209.23
24215.6 2222.99
24365.4 2236.75
24515.4 2250.51
24665.4 2264.28
24815.3 2278.05
24965.3 2291.81
25115.3 2320.65
25265.5 2319.37
25415.2 2348.36
25565.1 2362.22
25715 2376.06
25864.9 2389.92
26014.9 2419.39
26164.9 2417.63
26314.8 2447.28
26464.8 2445.35
26614.8 2475.17
26764.7 2473.06
26914.7 2503.07
27064.5 2500.76
27214.5 2514.62
27364.5 2528.48
27514.4 2558.84
27664.4 2556.19
27814.3 2586.73
27964.3 2583.9
28114.3 2614.63
28264.3 2611.62
28414.1 2642.51
28564 2656.46
28714 2670.4
28864.2 2684.37
29013.9 2698.3
29163.9 2712.24
29313.9 2726.19
29463.8 2740.14
29613.8 2754.08
29763.6 2768.02
29913.6 2781.96
30063.5 2795.91
30213.5 2809.86
30363.5 2823.8
30541.6 2840.37
30691.6 2854.32
30841.5 2868.26
30991.5 2882.21
31141.4 2896.15
31291.3 2910.09
31441.3 2924.04
31591.5 2938.01
31741.2 2951.93
31891.2 2965.88
32041.1 2979.82
32191.1 2993.77
32341.1 3007.72
32490.9 3021.65
32640.9 3035.6
32791.3 3049.59
32940.8 3083.26
33090.8 3097.29
33240.7 3111.33
33390.7 3125.37
33540.6 3139.4
33690.7 3153.45
33840.4 3167.46
33990.5 3181.51
34140.4 3195.54
34290.3 3209.57
34440.3 3223.61
34590.3 3237.65
34740.2 3251.69
34890.2 3265.72
35040 3279.75
35190 3293.78
35340 3307.82
35489.9 3321.85
35639.9 3335.89
35789.8 3349.93
35939.8 3363.97
36089.8 3378
36239.7 3413.78
36389.6 3406.06
36539.5 3442.02
36689.5 3434.14
36839.5 3470.28
36989.4 3484.4
37139.4 3498.53
37289.3 3512.66
37439.3 3526.78
37589.3 3540.91
37739.1 3555.02
37889.1 3569.15
38039 3583.28
38189 3597.4
38339 3611.53
38488.9 3625.66
38638.9 3639.78
38788.8 3653.91
38938.8 3668.04
39088.7 3682.15
39239 3696.31
39388.6 3710.4
39538.5 3724.53
39688.5 3738.66
39838.5 3752.78
39988.4 3766.91
40138.4 3781.04
40288.4 3795.16
40438.2 3809.28
40588.2 3823.41
40738.1 3861.98
40888.1 3876.19
41038.1 3890.41
41188 3904.62
41338 3918.84
41487.9 3933.06
41637.9 3947.27
41787.7 3961.48
41937.7 3975.69
42087.7 3989.91
42237.6 4004.13
42387.6 4018.34
42537.6 4032.56
42687.5 4046.78
42837.7 4061.02
42987.5 4075.21
43137.3 4089.42
43287.3 4103.63
43437.2 4117.85
43587.2 4132.06
43737.1 4146.28
43887.1 4160.5
44037.1 4174.71
44187 4188.93
44337 4203.15
44486.9 4217.35
44636.8 4231.57
44786.8 4245.79
44936.7 4286.96
45086.7 4274.22
45236.7 4315.58
45386.6 4302.65
45536.6 4344.19
45686.4 4331.07
45836.4 4372.79
45986.3 4387.1
46136.3 4401.4
46286.3 4415.71
46436.2 4430.02
46586.2 4444.32
46736.2 4458.63
46886.1 4472.94
47036.2 4487.26
47185.9 4501.54
47335.9 4515.85
47485.9 4530.15
47636 4544.47
47785.8 4558.76
47935.7 4573.07
48085.7 4587.38
48235.7 4601.68
48385.5 4615.98
48535.5 4630.28
48685.4 4644.59
48835.4 4658.9
48985.4 4673.2
49135.3 4687.51
49285.3 4701.82
49435.2 4716.12
49585.2 4730.43
49735.1 4744.72
49885 4759.03
50035 4773.34
50184.9 4787.64
50334.9 4801.95
50484.9 4816.26
50635.1 4830.59
50784.8 4844.87
50934.8 4828.62
51084.6 4842.82
51234.6 4857.04
51384.4 4871.24
51534.9 4885.51
51684.3 4899.67
51834.3 4913.89
51984.3 4928.11
52134.2 4942.32
52284.2 4956.54
52434 4970.74
52584 4953.41
52734 4967.54
52883.9 4981.67
53033.9 4995.79
53183.8 5009.92
53333.8 5024.05
53483.8 5038.17
53633.7 5020.12
53783.6 5034.14
53933.5 5048.18
54083.5 5062.22
54233.7 5076.28
54383.4 5090.29
54533.9 5071.65
54683.7 5085.58
54833.3 5099.5
54983.3 5113.45
55133.1 5127.38
55283.1 5141.33
55433 5122.01
55583 5135.87
55733 5149.73
55882.9 5163.58
56032.9 5177.44
56182.9 5191.3
56332.7 5171.34
56482.7 5185.11
56632.6 5198.88
56782.6 5212.64
56932.5 5226.41
57082.5 5240.17
57232.5 5219.6
57382.9 5233.32
57532.4 5246.96
57682.2 5260.62
57832.2 5274.3
57982.2 5287.98
58132.1 5266.77
58282.1 5280.36
58432.3 5293.97
58582 5307.53
58732.1 5321.13
58882 5334.71
59031.9 5312.87
59182.2 5326.4
59331.7 5339.86
59481.8 5353.36
59631.8 5366.86
59781.7 5380.36
59931.7 5393.85
60081.7 5407.35
60231.6 5384.71
60381.5 5398.1
60531.5 5411.52
60681.4 5424.92
60832.1 5438.39
60981.3 5451.73
61132.7 5465.26
61281.2 5441.77
61431.2 5455.09
61581.2 5468.41
61731 5481.71
61881 5495.03
62030.9 5508.35
62181.8 5521.74
62330.9 5534.98
62480.8 5510.81
62631 5524.06
62780.8 5537.26
62930.7 5550.49
63080.5 5563.7
63230.5 5576.93
63380.5 5590.16
63530.5 5603.39
63680.4 5616.61
63830.4 5591.54
63980.3 5604.68
64130.3 5617.81
64280.5 5630.97
64430.4 5644.11
64580.4 5657.25
64730 5670.35
64880.5 5683.54
65029.9 5696.62
65179.9 5709.76
65329.9 5683.7
65479.8 5696.75
65629.8 5709.79
65779.6 5722.83
65929.6 5735.88
66079.9 5748.96
66229.5 5761.97
66379.5 5775.02
66529.8 5788.09
66679.4 5801.11
66829.4 5814.16
66979.4 5787.02
67129.2 5799.96
67279.2 5812.92
67429.1 5825.88
67580 5838.91
67729 5851.79
67879.4 5864.78
68029 5877.7
68178.9 5890.66
68328.8 5903.61
68478.8 5916.56
68628.7 5929.52
68778.7 5942.48
68929.1 5955.48
69081.6 5968.65
69232.7 5981.7
