-2729.31 -1118.47
-2579.56 -1205.69
-2247.24 -989.686
155.598 36.9701
306.822 55.228
455.52 77.3473
606.105 91.2794
755.705 107.915
906.287 122.893
1055.62 139.342
1205.59 153.351
1355.3 168.328
1505.13 178.809
1655.1 193.646
1805.06 205.777
1955.04 220.528
2105.24 232.418
2255.71 246.323
2406.04 259.853
2555.26 277.501
2704.72 292.11
2854.68 304.88
3004.65 313.685
3154.61 329.342
3304.57 339.048
3455.4 352.451
3605 365.547
3758.6 378.867
3904.42 395.908
4054.27 411.103
4204.23 421.264
4354.45 433.703
4504.65 443.258
4654.12 455.173
4805.59 467.104
4954.92 481.618
5104.13 496.122
5254.22 507.558
5403.82 518.767
5554.28 529.878
5703.75 537.293
5853.69 551.418
6004.05 561.979
6154.13 572.334
6304.72 586.339
6454.06 600.227
6605.03 614.268
6753.62 628.086
6904.98 638.02
7054.16 651.804
7203.25 661.259
7353.59 670.648
7503.19 684.291
7653.76 698.023
7803.98 711.723
7953.19 725.331
8103.9 734.214
8252.86 752.661
8402.96 761.308
8553.35 769.802
8704.14 778.15
8852.85 791.445
9002.94 804.863
9152.64 818.246
9302.8 826.089
9452.7 839.399
9602.42 846.934
9752.37 860.159
9902.33 867.445
10052.3 874.552
10203 887.663
10352.5 900.666
10502.3 913.701
10652.5 926.765
10802.9 939.85
10953 946.335
11102.2 959.228
11252.4 972.207
11402.2 985.152
11552.4 991.199
11702.3 1004.06
11852.1 1024.03
12002 1036.97
12151.8 1049.91
12301.5 1062.85
12452.1 1075.86
12601.7 1088.79
12751.6 1101.74
12901.6 1114.7
13051.8 1127.68
13201.5 1140.61
13351.7 1153.59
13501.6 1166.54
13652.7 1179.59
13801 1200.69
13951 1213.73
14100.9 1218.32
14252.3 1231.4
14401 1244.25
14550.8 1257.19
14701 1270.17
14850.9 1283.12
15002.2 1305.19
15151.2 1318.15
15300.9 1331.18
15451.4 1344.27
15600.5 1357.24
15750.4 1370.29
15901.5 1383.43
16051.5 1396.48
16201.9 1409.57
16350.8 1422.52
16500.1 1435.51
16650.1 1448.56
16800.6 1461.66
16950.2 1474.67
17100 1487.7
17250.2 1500.77
17401.3 1513.91
17550.1 1537.39
17700.2 1550.54
17849.7 1563.63
17999.6 1576.77
18149.6 1589.9
18299.5 1592.06
18449.6 1616.19
18600.1 1629.37
18749.6 1642.46
18900.3 1655.66
19049.5 1668.74
19199.6 1681.88
19349.5 1695.02
19499.4 1708.15
19649.1 1721.26
19799.1 1734.4
19950.6 1747.68
20099.9 1760.75
20249.8 1773.88
20399 1786.95
20549 1800.09
20698.7 1825.63
20849.4 1838.92
20999.8 1852.18
21149.5 1865.38
21299.9 1878.65
21448.9 1891.79
21598.7 1905.01
21749.3 1918.29
21899.9 1931.57
22048.3 1944.66
22198.3 1957.89
22348.2 1971.11
22498.5 1984.37
22649.4 1997.67
22799.2 2010.89
22948.3 2024.04
23098.2 2037.27
23248.6 2050.53
23399.2 2063.81
23548 2076.93
23698.5 2090.21
23847.7 2103.37
23997.6 2116.59
24148 2144.34
24297.6 2143.05
24448 2156.32
24597.9 2184.29
24747.3 2197.56
24897.4 2210.89
25049.9 2224.43
25197.4 2237.53
25347.6 2250.86
25498.4 2264.26
25648.3 2277.57
25798.2 2290.88
25947.8 2304.16
26097.9 2317.49
26246.9 2330.72
26396.9 2344.04
26546.8 2357.35
26697.1 2370.7
26846.8 2384
26998 2397.43
27146.9 2410.64
27299.7 2424.22
27479 2440.14
27624.6 2469.64
27776.2 2483.19
27926 2496.58
28074.5 2509.86
28224.6 2506.35
28375.5 2519.75
28525.7 2533.08
28675.3 2546.37
28825.9 2559.74
28974.1 2590.29
29124.1 2586.22
29274.7 2599.59
29424.1 2612.86
29574.7 2626.24
29724.1 2639.5
29874 2652.81
30023.9 2666.12
30174.3 2679.48
30323.7 2692.74
30473.6 2706.06
30624.9 2719.49
30774.1 2732.74
30924.1 2746.06
31073.6 2759.34
31223.8 2772.68
31374.7 2786.07
31524.9 2799.41
31673.2 2812.58
31823.4 2825.92
31973.6 2839.26
32123.1 2852.53
32274.7 2865.99
32423 2879.17
32574.9 2892.65
32723.5 2905.84
32873.8 2919.2
33023.4 2932.48
33172.7 2965.64
33323.4 2959.12
33472.7 2972.37
33623.4 2985.75
33772.8 2999.03
33922.9 3012.36
34074.9 3025.85
34222.6 3038.97
34375.7 3052.56
34522.3 3065.58
34673.1 3078.97
34823.1 3092.29
34972.9 3105.6
35122.9 3118.91
35272.3 3132.18
35422.4 3145.51
35572.8 3158.86
35723.4 3172.24
35872 3185.43
36021.8 3198.73
36172.1 3212.08
36322 3225.39
36471.9 3238.71
36622 3252.03
36772.6 3265.41
36921.9 3278.67
37071.9 3291.98
37221.4 3305.26
37371.3 3318.58
37521.3 3331.89
37671.5 3345.23
37821.6 3358.56
37971.3 3371.85
38121.3 3385.17
38271.5 3398.51
38421.3 3411.81
38571.4 3425.14
38720.9 3438.41
38871.1 3451.75
39021.8 3465.14
39171.3 3478.41
39321.2 3491.72
39471.8 3505.1
39620.8 3518.32
39770.7 3531.64
39921.2 3545
40070.8 3558.29
40220.8 3571.6
40370.6 3584.91
40520.3 3598.2
40670.5 3611.54
40820.7 3624.88
40971.3 3638.25
41120.7 3651.52
41270.8 3664.84
41420 3678.09
41569.9 3691.41
41721.6 3704.88
41871.7 3718.21
42019.9 3731.37
42169.9 3744.69
42319.9 3732.61
42470 3745.85
42620.4 3759.12
42769.5 3772.27
42921.1 3785.64
43070.6 3798.82
43219.4 3811.95
43369.5 3825.19
43520.2 3838.48
43671.2 3851.8
43819.2 3864.86
43969.3 3878.1
44119.1 3891.3
44269.3 3904.55
44419.9 3917.83
44569.3 3931.01
44720.3 3944.33
44869.3 3957.47
45019.2 3970.7
45170.3 3984.02
45320 3997.22
45469.8 4010.44
45618.6 4023.56
45768.5 4036.78
45919.3 4050.08
46068.6 4063.25
46218.7 4076.49
46368.8 4089.73
46519 4102.97
46668.4 4116.16
46818.8 4129.42
46968.4 4142.61
47118.1 4155.81
47268.1 4169.04
47418 4182.27
47568.5 4195.54
47723.7 4209.23
47868 4250.68
48018 4264
48168.6 4277.37
48318.4 4290.67
48467.7 4303.94
48617.8 4317.26
48767.5 4330.56
48918.9 4344
49068 4357.24
49218 4370.56
49370.1 4384.07
49518.5 4397.24
49667.2 4440.25
49817.2 4453.66
49967.1 4467.06
50119.6 4480.69
50267.2 4493.89
50419 4507.46
50567.1 4520.7
50717.3 4534.13
50867.2 4547.52
51020.1 4561.2
51166.7 4605
51318.3 4618.65
51466.8 4632.01
51616.7 4645.51
51766.7 4659
51917.3 4672.55
52066.6 4686
52217.2 4699.55
52369.7 4713.27
52517.8 4758.11
52667.1 4771.64
52817.7 4785.28
52968.1 4798.91
53116.1 4812.32
53266.6 4825.95
53416.5 4839.54
53566.7 4853.15
53717.6 4866.81
53866.4 4880.29
54015.9 4893.84
54167.6 4907.59
54316.3 4953.65
54467.6 4967.45
54619.9 4981.33
54765.8 4994.64
54916.5 5008.39
55066 5022.02
55215.3 5035.64
55365.3 5049.32
55515.3 5062.99
55665.5 5110.09
55815.7 5123.88
55967.7 5137.83
56115.9 5151.44
56267 5165.31
56417.2 5179.1
56565.3 5192.69
56715.1 5206.45
56865.1 5220.21
57014.8 5233.96
57165.1 5247.76
57317 5296.09
57465.8 5309.84
57615.6 5323.69
57767.1 5337.68
57915.8 5351.42
58067.5 5365.44
58216.9 5379.24
58366.3 5428.07
58514.5 5441.85
58665.1 5455.86
58814.6 5469.76
58964.6 5483.71
59116.1 5497.8
59264.4 5511.59
59416 5525.68
59566.2 5539.65
59716.1 5589.43
59866 5603.45
60014.2 5617.33
60164.1 5631.36
60316.5 5645.62
60465.9 5659.61
60621.4 5674.16
60763.5 5687.46
60913.8 5701.54
61064.4 5715.63
61216.8 5729.89
61364.7 5780.56
61515.3 5794.74
61663.4 5808.69
61814.7 5822.95
61963.6 5836.97
62114.6 5851.19
62263 5865.18
62417 5879.68
62562.9 5893.43
62715.7 5907.82
62864.6 5921.85
63015.2 5936.03
63162.9 5987.84
63312.9 6002.06
63467.7 6016.74
63612.6 6030.47
63763.5 6044.78
63912.9 6058.94
64062.8 6073.15
64214 6087.49
64362.7 6101.59
64512.7 6115.8
64662.4 6130
64814.1 6144.38
64962.1 6158.41
65112.1 6172.62
65262.5 6186.89
65414.5 6201.29
65562.1 6215.28
65713.1 6269.03
65864.3 6283.45
66012.5 6297.59
