226.492 3.57
373.944 2.89
523.403 2.34
673.631 2.09
823.324 1.86
973.537 1.77
1123.23 1.75
1274.35 1.75
1427.16 1.76
1573.14 1.78
1723.09 1.75
1872.93 1.74
2022.91 1.74
2173.22 1.74
2322.83 1.74
2472.78 1.74
2622.74 1.73
2772.71 1.83
2922.67 1.86
3072.63 1.85
3222.47 1.83
3372.43 1.80
3522.46 1.79
3672.36 1.77
3822.32 1.75
3972.28 1.73
4122.26 1.72
4272.21 1.70
4422.05 1.70
4572.02 1.69
4721.99 1.69
4871.93 1.68
5021.9 1.67
5171.87 1.66
5321.84 1.65
5471.8 1.64
5621.76 1.63
5771.62 1.62
5921.57 1.61
6071.52 1.60
6221.48 1.59
6371.45 1.58
6521.41 1.58
6671.37 1.57
6821.34 1.57
6971.3 1.56
7121.15 1.56
7271.11 1.55
7421.07 1.55
7571.03 1.54
7721 1.54
7870.97 1.54
8021.3 1.54
8170.89 1.53
8320.85 1.53
8470.69 1.52
8620.65 1.52
8770.62 1.52
8920.57 1.52
9070.56 1.51
9220.51 1.51
9370.49 1.51
9520.43 1.51
9670.4 1.50
9820.23 1.50
9970.2 1.50
10120.2 1.49
10270.1 1.49
10420.1 1.49
10570.1 1.49
10720 1.48
10870.1 1.48
11019.9 1.48
11169.8 1.48
11319.7 1.47
11469.8 1.47
11619.7 1.47
11769.6 1.47
11919.6 1.47
12069.7 1.47
12219.5 1.47
12369.5 1.47
12519.3 1.47
12669.8 1.46
12819.3 1.47
12969.2 1.46
13119.2 1.46
13269.1 1.46
13419.1 1.46
13569.1 1.46
13719 1.46
13868.9 1.46
14018.8 1.46
14168.8 1.46
14318.8 1.46
14468.7 1.46
14618.7 1.46
14768.6 1.46
14919 1.46
15068.6 1.46
15218.6 1.46
15368.5 1.46
15518.5 1.46
15668.4 1.46
15818.4 1.47
15968.4 1.47
16118.3 1.47
16268.3 1.47
16418.1 1.47
16568.1 1.47
16718.1 1.48
16868 1.47
17018 1.48
17168 1.47
17317.9 1.48
17467.9 1.48
17617.8 1.48
17767.7 1.48
17917.6 1.48
18067.6 1.48
18217.6 1.49
18367.5 1.49
18517.5 1.49
18667.5 1.49
18817.4 1.49
18967.4 1.49
19117.2 1.50
19267.2 1.50
19417.1 1.50
19567.1 1.50
19717.1 1.51
19867 1.50
20017 1.51
20167 1.50
20316.9 1.51
20466.8 1.50
20617.2 1.51
20766.7 1.51
20916.6 1.51
21066.6 1.51
21216.6 1.51
21366.5 1.51
21516.5 1.51
21666.5 1.51
21816.3 1.51
21966.3 1.51
22116.2 1.51
22266.2 1.52
22416.2 1.53
22566.1 1.52
22716.1 1.52
22866.1 1.52
23016 1.53
23165.9 1.52
23315.8 1.53
23465.8 1.53
23615.7 1.53
23765.7 1.53
23915.7 1.53
24065.6 1.53
24215.6 1.53
24365.4 1.53
24515.4 1.53
24665.4 1.53
24815.3 1.53
24965.3 1.53
25115.3 1.54
25265.5 1.53
25415.2 1.54
25565.1 1.54
25715 1.54
25864.9 1.54
26014.9 1.55
26164.9 1.54
26314.8 1.55
26464.8 1.54
26614.8 1.55
26764.7 1.54
26914.7 1.55
27064.5 1.54
27214.5 1.54
27364.5 1.54
27514.4 1.55
27664.4 1.54
27814.3 1.55
27964.3 1.54
28114.3 1.55
28264.3 1.54
28414.1 1.55
28564 1.55
28714 1.55
28864.2 1.55
29013.9 1.55
29163.9 1.55
29313.9 1.55
29463.8 1.55
29613.8 1.55
29763.6 1.55
29913.6 1.55
30063.5 1.55
30213.5 1.55
30363.5 1.55
30541.6 1.55
30691.6 1.55
30841.5 1.55
30991.5 1.55
31141.4 1.55
31291.3 1.55
31441.3 1.55
31591.5 1.55
31741.2 1.55
31891.2 1.55
32041.1 1.55
32191.1 1.55
32341.1 1.55
32490.9 1.55
32640.9 1.55
32791.3 1.55
32940.8 1.56
33090.8 1.56
33240.7 1.56
33390.7 1.56
33540.6 1.56
33690.7 1.56
33840.4 1.56
33990.5 1.56
34140.4 1.56
34290.3 1.56
34440.3 1.56
34590.3 1.56
34740.2 1.56
34890.2 1.56
35040 1.56
35190 1.56
35340 1.56
35489.9 1.56
35639.9 1.56
35789.8 1.56
35939.8 1.56
36089.8 1.56
36239.7 1.57
36389.6 1.56
36539.5 1.57
36689.5 1.56
36839.5 1.57
36989.4 1.57
37139.4 1.57
37289.3 1.57
37439.3 1.57
37589.3 1.57
37739.1 1.57
37889.1 1.57
38039 1.57
38189 1.57
38339 1.57
38488.9 1.57
38638.9 1.57
38788.8 1.57
38938.8 1.57
39088.7 1.57
39239 1.57
39388.6 1.57
39538.5 1.57
39688.5 1.57
39838.5 1.57
39988.4 1.57
40138.4 1.57
40288.4 1.57
40438.2 1.57
40588.2 1.57
40738.1 1.58
40888.1 1.58
41038.1 1.58
41188 1.58
41338 1.58
41487.9 1.58
41637.9 1.58
41787.7 1.58
41937.7 1.58
42087.7 1.58
42237.6 1.58
42387.6 1.58
42537.6 1.58
42687.5 1.58
42837.7 1.58
42987.5 1.58
43137.3 1.58
43287.3 1.58
43437.2 1.58
43587.2 1.58
43737.1 1.58
43887.1 1.58
44037.1 1.58
44187 1.58
44337 1.58
44486.9 1.58
44636.8 1.58
44786.8 1.58
44936.7 1.59
45086.7 1.58
45236.7 1.59
45386.6 1.58
45536.6 1.59
45686.4 1.58
45836.4 1.59
45986.3 1.59
46136.3 1.59
46286.3 1.59
46436.2 1.59
46586.2 1.59
46736.2 1.59
46886.1 1.59
47036.2 1.59
47185.9 1.59
47335.9 1.59
47485.9 1.59
47636 1.59
47785.8 1.59
47935.7 1.59
48085.7 1.59
48235.7 1.59
48385.5 1.59
48535.5 1.59
48685.4 1.59
48835.4 1.59
48985.4 1.59
49135.3 1.59
49285.3 1.59
49435.2 1.59
49585.2 1.59
49735.1 1.59
49885 1.59
50035 1.59
50184.9 1.59
50334.9 1.59
50484.9 1.59
50635.1 1.59
50784.8 1.59
50934.8 1.58
51084.6 1.58
51234.6 1.58
51384.4 1.58
51534.9 1.58
51684.3 1.58
51834.3 1.58
51984.3 1.58
52134.2 1.58
52284.2 1.58
52434 1.58
52584 1.57
52734 1.57
52883.9 1.57
53033.9 1.57
53183.8 1.57
53333.8 1.57
53483.8 1.57
53633.7 1.56
53783.6 1.56
53933.5 1.56
54083.5 1.56
54233.7 1.56
54383.4 1.56
54533.9 1.55
54683.7 1.55
54833.3 1.55
54983.3 1.55
55133.1 1.55
55283.1 1.55
55433 1.54
55583 1.54
55733 1.54
55882.9 1.54
56032.9 1.54
56182.9 1.54
56332.7 1.53
56482.7 1.53
56632.6 1.53
56782.6 1.53
56932.5 1.53
57082.5 1.53
57232.5 1.52
57382.9 1.52
57532.4 1.52
57682.2 1.52
57832.2 1.52
57982.2 1.52
58132.1 1.51
58282.1 1.51
58432.3 1.51
58582 1.51
58732.1 1.51
58882 1.51
59031.9 1.50
59182.2 1.50
59331.7 1.50
59481.8 1.50
59631.8 1.50
59781.7 1.50
59931.7 1.50
60081.7 1.50
60231.6 1.49
60381.5 1.49
60531.5 1.49
60681.4 1.49
60832.1 1.49
60981.3 1.49
61132.7 1.49
61281.2 1.48
61431.2 1.48
61581.2 1.48
61731 1.48
61881 1.48
62030.9 1.48
62181.8 1.48
62330.9 1.48
62480.8 1.47
62631 1.47
62780.8 1.47
62930.7 1.47
63080.5 1.47
63230.5 1.47
63380.5 1.47
63530.5 1.47
63680.4 1.47
63830.4 1.46
63980.3 1.46
64130.3 1.46
64280.5 1.46
64430.4 1.46
64580.4 1.46
64730 1.46
64880.5 1.46
65029.9 1.46
65179.9 1.46
65329.9 1.45
65479.8 1.45
65629.8 1.45
65779.6 1.45
65929.6 1.45
66079.9 1.45
66229.5 1.45
66379.5 1.45
66529.8 1.45
66679.4 1.45
66829.4 1.45
66979.4 1.44
67129.2 1.44
67279.2 1.44
67429.1 1.44
67580 1.44
67729 1.44
67879.4 1.44
68029 1.44
68178.9 1.44
68328.8 1.44
68478.8 1.44
68628.7 1.44
68778.7 1.44
68929.1 1.44
69081.6 1.44
69232.7 1.44
