152.423 158.307
306.782 256.04
452.166 342.109
602.167 402.488
751.954 451.172
901.903 472.417
1051.87 509.314
1201.84 527.846
1351.8 566.945
1503.01 607.818
1651.72 648.134
1801.67 704.815
1951.52 742.358
2101.49 762.842
2251.45 787.557
2401.41 821.281
2551.37 849.607
2701.34 873.613
2851.3 901.582
3001.26 965.205
3151.26 1009.66
3301.06 1049.74
3451.03 1076.72
3601.36 1104.18
3750.95 1134.29
3900.91 1160.91
4050.88 1190.96
4200.84 1217.4
4350.8 1247.81
4500.76 1280.02
4650.6 1319.84
4800.57 1333.6
4950.53 1360.41
5100.99 1383.39
5250.46 1414.47
5400.42 1438.67
5550.38 1468.63
5700.35 1501.47
5850.31 1533.95
6000.15 1562.44
6150.1 1586.73
6300.37 1606.59
6450.04 1629.28
6600 1651.32
6749.98 1684.79
6899.94 1709.81
7049.89 1742.73
7199.85 1775.48
7349.69 1808.02
7499.67 1826.92
7649.62 1849.68
7799.58 1876.58
7949.56 1907.89
8099.52 1939.03
8249.48 1969.98
8399.44 2000.75
8549.4 2036.47
8699.25 2066.94
8849.21 2086.64
8999.17 2111.2
9149.14 2140.9
9299.1 2170.41
9449.06 2199.74
9599.39 2228.98
9748.98 2263.71
9898.96 2298.54
10048.8 2327.3
10198.8 2349.79
10348.7 2378.13
10498.7 2400
10648.6 2434.28
10798.6 2462.08
10948.6 2489.7
11098.5 2523.81
11248.5 2564.66
11398.3 2585.14
11548.3 2612.22
11698.3 2632.11
11848.2 2658.74
11998.2 2685.19
12148.2 2718.76
12298.1 2752.32
12448.1 2785.88
12598.2 2827.03
12747.9 2852.97
12897.8 2871.06
13047.8 2896.61
13197.9 2922.01
13347.7 2955.19
13497.7 2988.39
13647.7 3021.59
13797.6 3054.79
13947.5 3087.97
14097.4 3121.17
14247.4 3145.82
14397.4 3170.3
14547.3 3203.32
14697.3 3227.52
14847.2 3260.45
14997.2 3293.39
15147.2 3326.32
15297 3368.4
15447 3392.15
15596.9 3415.73
15746.9 3439.13
15896.9 3471.88
16046.8 3495
16196.8 3527.66
16346.7 3570.13
16496.7 3602.88
16646.6 3635.61
16796.5 3658.28
16946.8 3691.02
17096.4 3713.35
17246.4 3745.92
17396.4 3778.49
17546.3 3811.06
17696.3 3843.64
17846.3 3876.21
17996.1 3908.75
18146.1 3941.32
18296 3962.92
18446 3984.33
18596 4016.73
18745.9 4049.12
18895.9 4081.51
19045.8 4125.33
19195.8 4157.81
19345.6 4190.27
19495.6 4211.05
19645.7 4231.68
19795.5 4263.96
19945.5 4296.26
20095.5 4328.56
20245.4 4360.87
20395.4 4393.17
20545.4 4437.81
20695.2 4470.16
20845.2 4490.05
20995.1 4509.75
21145.1 4541.97
21295 4574.18
21445 4606.39
21595 4651.56
21744.9 4683.86
21894.9 4729.3
22044.7 4761.67
22194.7 4780.74
22344.7 4813.04
22494.6 4831.85
22644.6 4864.06
22794.6 4896.27
22944.5 4942.25
23094.5 4974.55
23244.3 5006.83
23394.3 5039.13
23544.2 5071.43
23694.2 5103.73
23844.2 5136.04
23994.1 5168.34
24144.1 5200.64
24294.1 5232.94
24444 5265.24
24593.9 5312.28
24743.8 5329.82
24893.8 5362.12
25043.8 5394.43
25193.7 5426.73
25343.7 5459.03
25493.7 5491.33
25643.6 5539.02
25793.6 5571.41
25943.4 5619.35
26093.4 5636.17
26243.3 5668.56
26393.3 5700.95
26543.3 5733.34
26693.2 5765.74
26843.2 5798.13
26993.2 5830.52
27143.1 5862.91
27293.2 5911.71
27442.9 5927.67
27592.9 5960.06
27742.8 5992.45
27892.8 6024.85
28042.8 6057.25
28192.7 6106.55
28342.7 6139.03
28492.7 6171.51
28642.5 6203.97
28792.5 6236.45
28942.4 6268.93
29092.4 6301.41
29242.4 6333.89
29392.3 6366.38
29542.3 6398.86
29692.3 6449.16
29842.2 6481.73
29992.1 6514.28
30142 6546.85
30292 6561.24
30441.9 6593.72
30591.9 6626.2
30770 6664.79
30920.1 6678.75
31070 6711.11
31219.9 6762.24
31369.8 6775.87
31519.8 6789.36
31669.7 6821.65
31819.7 6834.86
31969.6 6847.89
32119.6 6880.02
32269.6 6912.14
32419.5 6944.26
32569.4 6956.82
32719.3 6988.85
32869.3 7001.16
33019.3 7033.1
33169.2 7045.14
33319.2 7076.99
33469.1 7088.76
33619.1 7120.53
33769.1 7152.29
33918.9 7184.03
34068.9 7195.35
34218.8 7206.48
34368.8 7238.07
34518.8 7248.94
34668.7 7280.43
34818.7 7291.03
34968.6 7322.43
35118.7 7353.86
35268.5 7385.22
35418.4 7395.37
35568.4 7405.34
35718.3 7436.56
35868.3 7446.26
36018.3 7477.39
36168.2 7486.82
36318.2 7517.87
36468.2 7548.91
36618 7579.93
36768 7588.91
36917.9 7597.71
37068 7628.59
37217.9 7637.1
37367.8 7667.88
37517.8 7698.65
37667.8 7729.44
37817.7 7737.5
37967.5 7768.16
38117.5 7775.97
38267.6 7806.59
38417.4 7814.11
38567.4 7844.61
38717.4 7875.11
38867.4 7882.31
39017.3 7912.7
39167.2 7943.12
39317.1 7973.5
39467.1 7980.24
39617 8010.56
39767 8017.02
39916.9 8047.25
40066.9 8053.45
40216.9 8083.59
40366.8 8113.73
40516.8 8143.88
40666.6 8173.99
40816.6 8179.65
40966.6 8209.7
41116.5 8239.75
41266.5 8245.05
41416.4 8275.01
41566.4 8304.97
41716.4 8334.93
41866.3 8364.89
42016.2 8394.83
42166.1 8399.5
42316.1 8429.37
42466.1 8459.24
42616 8463.55
42766 8493.33
42916 8523.11
43065.9 8552.89
43215.8 8582.65
43365.7 8612.43
43515.7 8616.11
43665.7 8645.8
43815.6 8675.49
43965.6 8705.19
44115.5 8708.41
44265.5 8738.01
44415.5 8767.62
44565.3 8797.19
44715.3 8826.79
44865.2 8856.4
45015.2 8858.99
45165.2 8888.5
45315.1 8918.01
45465.1 8947.53
45615 8977.04
45765 9006.56
45914.8 9036.04
46064.8 9065.56
46214.8 9067.34
46364.7 9096.76
46514.7 9126.19
46664.7 9155.61
46814.6 9185.03
46964.6 9214.46
47114.6 9243.88
47264.4 9273.27
47414.4 9302.7
47564.3 9303.58
47714.3 9332.92
47864.3 9362.25
48014.6 9391.65
48164.2 9420.92
48314.2 9450.25
48464.1 9479.58
48613.9 9508.89
48763.9 9538.22
48913.9 9567.55
49063.8 9567.45
49213.8 9596.69
49363.8 9625.93
49513.7 9655.18
49663.7 9684.42
49813.6 9743.55
49963.5 9742.88
50113.4 9772.12
50263.4 9801.37
50413.4 9830.61
50563.3 9859.85
50713.3 9889.09
50863.3 9918.34
51013.2 9947.58
51163.3 9976.84
51313 10006
51463 10035.3
51613.2 10064.6
51763.2 10093.8
51912.9 10123
52062.8 10152.3
52212.8 10181.5
52362.8 10210.8
52512.7 10240
52662.6 10269.2
52812.5 10298.4
52962.5 10327.7
53112.5 10325.1
53262.4 10354.2
53412.4 10415.4
53562.4 10444.7
53712.3 10473.9
53862.2 10503.1
54012.1 10532.4
54163.7 10561.9
54313.1 10591
54462.5 10620.2
54612.4 10649.4
54761.9 10678.6
54912 10740.8
55061.9 10770.1
55211.7 10799.4
55361.7 10828.7
55511.7 10858.1
55661.8 10887.5
55811.9 10916.8
55961.5 10946.1
56111.5 10975.4
56261.4 11004.7
56411.4 11034.1
56561.3 11097.3
56711.3 11126.8
56861.6 11122.1
57011.1 11151.4
57161.1 11180.7
57311.3 11244.5
57461 11273.9
57611 11303.3
57761 11332.7
57910.8 11362.1
58060.9 11391.5
58210.7 11420.9
58360.7 11450.4
58510.7 11479.8
58660.6 11509.2
58810.6 11538.6
58960.5 11568.1
59110.5 11597.5
59260.4 11626.9
59410.3 11656.3
59560.6 11685.8
59710.2 11715.1
59860.5 11744.6
60010.2 11774
60160.1 11839.5
60310.2 11869.1
60460.1 11898.5
60609.9 11928
60759.9 11957.5
60909.8 11987.1
61059.8 11979.9
61209.7 12046.1
61359.7 12075.6
61509.7 12105.1
61659.6 12134.6
61809.6 12164.1
61959.9 12193.7
62109.4 12223.1
62259.4 12252.6
62409.3 12282.2
62559.3 12311.7
62709.2 12378.8
62859.2 12408.4
63009.2 12438
63159.2 12467.6
63309 12497.2
63458.9 12526.8
63608.9 12556.4
63758.9 12586
63908.8 12615.6
64058.8 12645.2
64208.8 12674.8
64358.7 12704.4
64508.7 12734
64658.5 12802.4
64808.5 12832.1
64958.5 12861.8
65108.4 12891.5
65258.4 12921.2
65408.4 12950.9
65558.3 12980.5
65708.3 13049.7
65858.1 13079.4
66008.1 13109.2
66158 13139
66308 13168.8
66458 13198.6
66607.9 13228.3
66758.1 13258.2
66907.9 13287.9
67057.8 13357.9
67207.7 13387.8
67357.6 13417.6
67507.6 13447.5
67657.5 13477.4
67807.5 13507.3
67957.5 13537.1
68107.8 13607.9
68257.4 13637.8
68407.4 13667.8
68557.2 13697.7
68707.2 13727.7
68858.4 13757.9
69007.1 13787.6
69157 13859.1
69307 13889.1
