158.249 4.06
307.568 3.16
634.869 3.05
741.649 4.42
861.577 5.09
907.125 5.76
1061.69 5.51
1217.71 6.04
1523.21 6.63
1658.73 6.69
1813.33 6.45
1956.54 6.32
2106.5 6.14
2265.07 6.07
2407.55 5.93
2556.51 5.81
2709.63 5.74
2857.93 5.69
3007.14 5.58
3156.73 5.50
3307.19 5.36
3456.65 5.29
3607.86 5.17
3756.58 5.15
3909.31 5.08
4056.63 5.03
4205.97 4.99
4356.68 4.96
4508.41 4.95
4657.24 4.93
4805.56 4.84
4956.03 4.78
5105.5 4.74
5257.09 4.71
5405.56 4.68
5555.51 4.64
5706.49 4.67
5856.07 4.65
6007.03 4.65
6155.62 4.63
6305.46 4.60
6455.92 4.58
6607.64 4.53
6757.74 4.53
6906.19 4.49
7055.53 4.49
7205.87 4.48
7357.08 4.47
7506.92 4.43
7655.38 4.41
7804.72 4.39
7955.81 4.38
8105.27 4.36
8254.85 4.35
8408.21 4.36
8556.54 4.37
8704.25 4.35
8854.7 4.32
9004.18 4.30
9154.14 4.27
9310.42 4.27
9456.06 4.26
9611.92 4.25
9755.99 4.25
9906.72 4.25
10055.2 4.25
10204.3 4.24
10353.7 4.23
10504.6 4.21
10653.6 4.19
10804.1 4.18
10955.2 4.18
11104 4.18
11255.3 4.17
11403.3 4.15
11555.2 4.13
11706.4 4.11
11853.6 4.12
12003.6 4.10
12154.7 4.11
12304.5 4.11
12454.2 4.11
12603.8 4.10
12752.9 4.10
12902.9 4.09
13054.1 4.07
13205.3 4.06
13353.7 4.05
13504 4.05
13655.2 4.04
13805.8 4.03
13953.5 4.04
14103.3 4.04
14254.4 4.03
14406.7 4.01
14552.9 4.01
14703.5 4.02
14853.5 4.01
15003.5 4.01
15152.3 3.99
15303.2 3.99
15452.3 3.98
15603.3 3.98
15754.3 3.98
15903.4 3.97
16055 3.97
16204.5 3.98
16352.8 3.98
16502.8 3.98
16653 3.99
16802.4 3.99
16951.7 3.98
17101.6 3.97
17251.7 3.96
17401.6 3.96
17551.3 3.95
17703.9 3.94
17852.7 3.94
18002.7 3.95
18151.8 3.94
18301.7 3.94
18451.9 3.94
18603.8 3.94
18751.4 3.93
18903.1 3.94
19051.5 3.94
19201.9 3.94
19351.7 3.93
19502.2 3.94
19651.4 3.93
19801.7 3.93
19951 3.93
20100.6 3.92
20253.6 3.92
20402.8 3.92
20551.3 3.93
20700.5 3.95
20851.2 3.95
21000.1 3.94
21150.1 3.93
21300 3.93
21450.5 3.92
21601.1 3.92
21750.4 3.92
21900 3.92
22051.6 3.92
22201.7 3.91
22349.9 3.91
22500.2 3.90
22650 3.89
22811 3.90
22963 3.90
23110.2 3.90
23261.9 3.90
23410.9 3.90
23562 3.90
23710.2 3.91
23860.3 3.92
24009.6 3.91
24160 3.90
24309.8 3.90
24460.2 3.90
24611.6 3.90
24760 3.90
24910.9 3.90
25059.8 3.90
25209.3 3.89
25359.2 3.89
25509.4 3.89
25661 3.88
25810.4 3.89
25959.8 3.89
26109.2 3.89
26260.5 3.89
26408.8 3.89
26558.7 3.89
26708.7 3.90
26861.8 3.89
27009.6 3.89
27162.6 3.89
27308.7 3.89
27459 3.89
27616.9 3.89
27758.6 3.91
27911.7 3.91
28059.1 3.91
28208.6 3.90
28359.7 3.90
28509.3 3.91
28658.5 3.91
28808.6 3.92
28959.7 3.92
29107.9 3.91
29257.8 3.92
29408 3.92
29558 3.92
29710.9 3.92
29864.7 3.92
30008.4 3.92
30158.6 3.92
30309.1 3.93
30457.4 3.93
30607.4 3.92
30757.4 3.92
30907.3 3.92
31059.5 3.91
31210.7 3.92
31357.3 3.92
31508.5 3.92
31658.2 3.93
31807 3.93
31960.1 3.93
32109 3.94
32259.1 3.93
32409 3.93
32557.9 3.94
32707.7 3.94
32856.8 3.94
33007 3.94
33157.4 3.96
33306.5 3.96
33456.8 3.96
33606.9 3.96
33757.2 3.96
33907.1 3.97
34056.9 3.97
34207 3.98
34359.4 3.98
34506.1 3.99
34656 3.99
34808.9 4.00
34956.2 4.00
35108.2 4.00
35256.6 4.00
35406.2 4.00
35555.9 4.01
35706.4 4.01
36009.4 4.03
36155.9 4.03
36310.5 4.03
36455.7 4.04
36606.4 4.04
36758.8 4.04
36905.5 4.05
37056.4 4.05
37205.9 4.05
37359.1 4.05
37507.1 4.05
37655.8 4.05
37805.6 4.05
37955.7 4.05
38105.3 4.05
38255.1 4.05
38405.2 4.06
38555.9 4.07
38704.7 4.07
38854.6 4.06
39009.2 4.06
39155.9 4.06
39308.7 4.06
39455.8 4.07
39605.8 4.07
39756.4 4.07
39905.6 4.07
40054.9 4.08
40205.5 4.07
40354.1 4.07
40504.1 4.08
40658.3 4.08
40807 4.08
40954.6 4.09
41104.1 4.09
41256.3 4.09
41404.7 4.09
41554.2 4.09
41704.5 4.09
41853.6 4.09
42005.6 4.09
42153.7 4.09
42304 4.09
42453.9 4.09
42604.6 4.09
42753.3 4.09
42903.3 4.09
43053.5 4.08
43203.9 4.08
43356 4.08
43503.9 4.08
43653.9 4.09
43804.1 4.09
43953 4.09
44102.8 4.09
44254.2 4.09
44402.8 4.09
44554.4 4.09
44705.1 4.09
44853.3 4.09
45003.4 4.10
45153.2 4.10
45303.4 4.10
45452.4 4.10
45603.4 4.11
45752.7 4.10
45902.3 4.11
46054.4 4.10
46203.1 4.11
46352.7 4.11
46504.2 4.11
46653.2 4.12
46802.2 4.12
46953.4 4.12
47102.6 4.12
47255.5 4.12
47402 4.12
47552.1 4.12
47702.1 4.13
47853 4.12
48003.6 4.12
48155.4 4.12
48302.1 4.12
48451.4 4.12
48603.1 4.12
48751.7 4.12
48901.4 4.12
49053.8 4.12
49201.6 4.13
49352.1 4.12
49502.8 4.12
49652.1 4.12
49801.7 4.12
49952.8 4.12
50102.7 4.12
50251.4 4.12
50402.9 4.11
50551.1 4.12
50701.9 4.12
50852.8 4.12
51000.5 4.11
51150.5 4.12
51301 4.12
51451.7 4.12
51603.4 4.12
51751.7 4.13
51901.1 4.13
52052.4 4.13
52200.1 4.13
52350.5 4.13
52500.4 4.13
52651 4.13
52800 4.13
52950.1 4.14
53101 4.14
53251 4.14
53401.6 4.14
53551.8 4.14
53700.1 4.14
53851.7 4.14
53999.5 4.14
54150.8 4.15
54300.1 4.15
54449.9 4.15
54600.1 4.15
54750.5 4.15
54899.2 4.14
55049.2 4.14
55199.1 4.14
55350 4.14
55499.4 4.14
55649.1 4.14
55799.7 4.15
55949.1 4.14
56100 4.15
56248.8 4.15
56398.7 4.15
56550 4.14
56699.4 4.15
56848.7 4.14
57000 4.14
57149.3 4.14
57300 4.15
57449.3 4.15
57599.4 4.15
57748.3 4.15
57898.2 4.15
58049.9 4.15
58199.3 4.15
58348.7 4.15
58498.2 4.15
58648.3 4.15
58801 4.16
58948.1 4.16
59098.1 4.16
59248.8 4.16
59398.7 4.16
59551 4.16
59698.3 4.15
59849.4 4.15
60000.8 4.16
60148.4 4.16
60299.5 4.16
60450.3 4.16
60597.3 4.16
60749.3 4.16
60899.2 4.16
61053.2 4.16
61197.4 4.16
61348.1 4.16
61498.2 4.17
61647.2 4.17
61797.6 4.17
61947.9 4.16
62098.7 4.16
62246.9 4.16
62397.5 4.17
62547.5 4.17
62698.8 4.17
62848.8 4.17
63002.6 4.17
63146.4 4.17
63297.5 4.17
63448.8 4.17
63596.6 4.17
63747 4.17
63898.1 4.17
64046.4 4.18
64196.3 4.18
64346.5 4.17
64497 4.17
64646 4.17
64796.5 4.17
64950.5 4.17
65099.1 4.17
65246.2 4.17
65396.3 4.17
65547.6 4.17
65698 4.17
65848.9 4.18
65995.5 4.18
66145.6 4.18
66295.5 4.18
66445.9 4.17
66596 4.17
66746.9 4.17
66897.7 4.18
67048.9 4.18
67195.3 4.18
67347.8 4.18
67500 4.18
67646.2 4.18
67799.2 4.18
67945 4.18
68096.4 4.18
68245.8 4.18
68395.7 4.18
68544.6 4.18
68694.6 4.18
68844.6 4.18
68995.6 4.18
69146.8 4.18
69294.9 4.18
69446.4 4.18
69597.7 4.18
69746.2 4.18
69895.2 4.18
70046.3 4.18
70194.1 4.18
70345.1 4.17
70495 4.17
70644.6 4.17
70795.7 4.17
70945.5 4.18
71094.9 4.18
71243.7 4.18
71393.7 4.17
71545.9 4.17
71694.4 4.17
71846.6 4.17
71993.7 4.18
72144.5 4.18
72294.1 4.18
72443.7 4.18
72597.8 4.18
72744.2 4.18
72893.2 4.17
73043.4 4.17
73193.7 4.17
73343.2 4.18
73496.8 4.17
73643.1 4.17
73796 4.18
73945.5 4.18
74094.8 4.17
74245.8 4.17
74392.7 4.17
74546.8 4.17
74693 4.17
74847.9 4.17
74993 4.17
75143.4 4.17
75292.5 4.17
75442.3 4.17
75593.7 4.17
75742.4 4.17
75893.2 4.16
76042.9 4.16
76192.8 4.17
76342.3 4.17
76492.5 4.17
76642.8 4.16
76791.8 4.16
76943.7 4.16
77091.8 4.16
77242.9 4.16
77392.8 4.16
77541.8 4.16
77691.9 4.16
77845.6 4.16
77993.4 4.16
78141.5 4.16
78293 4.15
78442.5 4.15
78591.3 4.15
78742.6 4.15
78892.4 4.15
79041.5 4.15
79195.7 4.15
79341 4.15
79491 4.15
79641.7 4.15
79792.6 4.15
79941 4.14
80092.5 4.15
80240.9 4.15
80391.3 4.15
80541.8 4.15
80690.5 4.15
80841.6 4.15
80990.7 4.15
81140.9 4.14
81292.8 4.15
81441.1 4.15
81591.2 4.15
81741 4.15
81890.6 4.15
82040.7 4.15
82191 4.15
82341 4.15
82490.5 4.15
82640.3 4.15
82792.7 4.15
82941 4.15
83091.6 4.15
83239.8 4.15
83390.9 4.15
83539.6 4.15
83691.6 4.15
83840.3 4.14
83989.6 4.14
84141.4 4.14
84293.3 4.14
84439.8 4.14
84590.8 4.14
84739.5 4.14
84890.5 4.14
85039.1 4.14
85189.9 4.14
85339.8 4.14
85489.1 4.14
85639.7 4.13
85789.5 4.13
85939.6 4.13
86090.9 4.13
86241.4 4.13
86389.1 4.13
86539.4 4.13
86689.7 4.13
86840.7 4.13
86989 4.13
87140.1 4.13
87290.8 4.13
87440.1 4.13
87588.5 4.13
87740.8 4.13
87889.7 4.13
88040 4.12
88188.5 4.12
88338.5 4.12
88488.8 4.12
88640.1 4.12
88788.1 4.12
88937.8 4.12
89087.7 4.12
89238.3 4.12
89391.9 4.11
89537.8 4.11
89690.1 4.11
89839.3 4.11
89988.4 4.11
90138.1 4.11
90287.8 4.11
90437.8 4.11
90588.9 4.11
90737.7 4.11
90890.2 4.11
91040 4.11
91188.3 4.11
91337.3 4.11
91487.6 4.11
91636.9 4.10
91786.9 4.10
91937.7 4.10
92086.9 4.10
92236.7 4.10
92388.3 4.10
92536.9 4.09
92687 4.09
92838.6 4.09
92986.4 4.09
93136.5 4.09
93286.5 4.09
93436.5 4.09
93587.3 4.09
93737.6 4.09
93889.9 4.09
94036.3 4.09
94187 4.09
94336 4.08
94485.9 4.08
94635.9 4.08
94786.2 4.08
94936.5 4.08
95085.9 4.08
95237.5 4.08
95385.8 4.08
95536.1 4.07
95687.6 4.07
95838.1 4.07
95985.8 4.07
96135.6 4.07
96288.6 4.07
96436.4 4.07
96585.7 4.06
96736.5 4.06
96886 4.06
97035.4 4.06
97186.5 4.06
97336.3 4.06
97486.3 4.06
97635.3 4.05
97786.9 4.05
97935.2 4.05
98085.8 4.05
98235.9 4.05
98385.1 4.05
98534.6 4.05
98684.5 4.05
98834.7 4.05
98984.7 4.05
99135.6 4.05
99306.6 4.05
99455 4.05
99614.9 4.05
99749.1 4.05
99904 4.05
100059 4.05
100204 4.05
100337 4.05
100486 4.05
100635 4.05
100786 4.05
100934 4.05
101086 4.05
101234 4.05
101384 4.05
101534 4.05
101685 4.04
101834 4.04
101985 4.04
102136 4.04
102286 4.04
102435 4.04
102583 4.04
102734 4.04
102884 4.04
103034 4.03
103183 4.03
103334 4.03
103483 4.03
103633 4.03
103783 4.03
103934 4.03
104083 4.03
104233 4.03
104386 4.03
104533 4.03
104685 4.03
104833 4.03
104984 4.03
105133 4.03
105285 4.02
105434 4.02
105583 4.02
105732 4.02
105883 4.02
106032 4.02
106183 4.02
106335 4.02
106483 4.02
106632 4.02
106782 4.02
106933 4.02
107082 4.02
107234 4.02
107385 4.02
107532 4.02
107683 4.02
107832 4.02
107982 4.02
108131 4.02
108281 4.02
108432 4.02
108581 4.02
108732 4.02
108881 4.02
109032 4.02
109212 4.03
109361 4.02
109510 4.02
109659 4.02
109810 4.02
109961 4.02
110115 4.02
110260 4.02
110409 4.02
110559 4.02
110710 4.02
110859 4.02
111009 4.02
111159 4.02
111310 4.02
111459 4.02
111610 4.02
111759 4.02
111908 4.03
112058 4.03
112208 4.03
112358 4.02
112510 4.03
112658 4.03
112808 4.03
112958 4.03
113109 4.03
113258 4.03
113408 4.03
113558 4.03
113710 4.02
113858 4.02
114008 4.02
114161 4.02
114312 4.02
114458 4.02
114609 4.03
114757 4.03
114907 4.03
115059 4.02
115208 4.02
115359 4.02
115507 4.02
115659 4.02
115809 4.02
115957 4.02
116108 4.02
116257 4.02
116407 4.02
116558 4.02
116708 4.02
116857 4.02
117007 4.02
117157 4.02
117310 4.02
117457 4.02
117607 4.02
117757 4.02
117906 4.02
118058 4.02
118206 4.02
118356 4.02
118507 4.02
118657 4.02
118806 4.03
118957 4.02
119106 4.02
119256 4.02
119406 4.02
119557 4.02
119706 4.02
119857 4.02
120006 4.02
120155 4.02
120305 4.02
120456 4.02
120606 4.02
120756 4.02
120906 4.02
121055 4.02
121205 4.02
121357 4.02
121505 4.02
121657 4.02
121805 4.02
121955 4.02
122105 4.02
122255 4.02
122406 4.02
122558 4.02
122705 4.02
122855 4.02
123005 4.02
123157 4.02
123305 4.02
123455 4.02
123605 4.02
123756 4.02
123905 4.02
124055 4.02
124205 4.02
124354 4.02
124506 4.02
124654 4.02
124804 4.02
124956 4.02
125104 4.02
125254 4.02
125406 4.02
125559 4.02
125704 4.02
125854 4.02
126004 4.02
126156 4.02
126304 4.02
126454 4.02
126604 4.02
126754 4.02
126907 4.02
127054 4.02
127203 4.02
127353 4.02
127503 4.02
127655 4.02
127805 4.02
127957 4.02
128104 4.02
128254 4.02
128403 4.02
128553 4.02
128703 4.02
128854 4.02
129003 4.02
129153 4.02
129303 4.02
129453 4.02
129603 4.02
129752 4.02
129902 4.02
130052 4.02
130205 4.02
130352 4.02
130502 4.02
130653 4.02
130802 4.02
130952 4.02
131104 4.02
131252 100.00
131402 100.00
131552 100.00
131702 100.00
131852 100.00
132002 100.00
132153 100.00
132303 100.00
132451 100.00
132601 100.00
132751 100.00
132902 100.00
133051 100.00
133202 100.00
133353 100.00
133501 100.00
133651 100.00
133803 100.00
133951 100.00
134103 100.00
134256 100.00
134402 100.00
134551 100.00
134702 100.00
134851 100.00
135001 100.00
135151 100.00
135305 100.00
135451 100.00
135600 100.00
135751 100.00
135901 100.00
136053 100.00
136201 100.00
136352 100.00
136500 100.00
136650 100.00
136800 97.39
136951 95.43
137102 92.66
137252 90.88
137400 88.39
137551 86.78
137700 84.51
137850 83.04
137999 80.96
138149 79.61
138300 77.68
138451 76.47
138600 74.74
138750 73.62
138900 72.02
139049 71.00
139199 69.52
139349 68.53
139499 67.15
139649 66.23
139799 64.93
139949 64.09
140099 62.88
140251 62.11
140401 60.99
140549 60.25
140699 59.19
140849 58.49
141002 57.49
141149 56.84
141301 55.92
141451 55.31
141599 54.44
141749 53.86
141898 53.02
142048 52.47
142198 51.67
142349 51.14
142499 50.40
142648 49.90
142800 49.18
142949 48.72
143098 48.04
143250 47.60
143398 46.95
143549 46.52
143702 45.90
143849 45.49
143998 44.90
144148 44.52
144298 43.97
144450 43.60
144598 43.08
144748 42.72
144898 42.20
145052 41.87
145197 41.40
145348 41.08
145498 40.62
145648 40.31
145798 39.86
145947 39.56
146098 39.12
146248 38.84
146397 38.42
146547 38.14
146698 37.74
146847 37.47
146997 37.11
147147 36.84
147297 36.49
147447 36.23
147596 35.87
147747 35.63
147896 35.29
148046 35.06
148197 34.74
148346 34.52
148496 34.20
148647 33.99
148797 33.69
148947 33.48
149096 33.18
149248 32.98
149397 32.70
149546 32.51
149696 32.24
149846 32.06
149996 31.79
150147 31.61
150296 31.35
150447 31.17
150596 30.92
150747 30.75
150896 30.51
151046 30.34
151197 30.12
151348 29.97
151495 29.73
151645 29.57
151796 29.35
151948 29.20
152095 28.98
152245 28.83
152398 28.63
152546 28.49
152695 28.29
152845 28.14
152994 27.93
153146 27.80
153294 27.60
153445 27.46
153596 27.28
153746 27.15
153894 26.96
154046 26.84
154196 26.66
154347 26.54
154495 26.37
154644 26.25
154794 26.08
154947 25.96
155094 25.80
155244 25.69
155395 25.52
155544 25.41
155694 25.25
155845 25.15
155994 24.99
156145 24.89
156295 24.74
156444 24.64
156596 24.49
156745 24.40
156893 24.26
157043 24.17
157193 24.03
157344 23.93
157493 23.80
157644 23.70
157795 23.56
157944 23.47
158093 23.34
158243 23.26
158395 23.12
158543 23.04
158693 22.91
158843 22.82
158993 22.70
159143 22.62
159293 22.50
159444 22.42
159592 22.30
159743 22.21
159894 22.09
160043 22.01
160193 21.89
160343 21.82
160492 21.71
160646 21.63
160794 21.52
160942 21.45
161093 21.33
161242 21.26
161394 21.15
161542 21.08
161692 20.99
161842 20.91
161992 20.82
162143 20.75
162291 20.65
162442 20.59
162596 20.50
162741 20.43
162893 20.34
163042 20.27
163192 20.19
163344 20.12
163491 20.04
163641 19.97
163793 19.88
163943 19.82
164092 19.73
164241 19.67
164393 19.58
164543 19.53
164692 19.45
164842 19.39
164996 19.31
165140 19.26
165291 19.17
165441 19.11
165590 19.03
165741 18.98
165892 18.90
166040 18.85
166192 18.77
166340 18.72
166492 18.65
166640 18.59
166790 18.51
166941 18.46
167094 18.39
167241 18.34
167390 18.27
167541 18.22
167690 18.15
167839 18.10
167990 18.03
168141 17.97
168290 17.91
168445 17.86
168590 17.80
168740 17.75
168890 17.69
169040 17.64
169189 17.57
169339 17.52
169489 17.45
169640 17.41
169791 17.34
169941 17.30
170089 17.23
170239 17.19
170389 17.13
170539 17.09
170689 17.02
170838 16.98
170989 16.92
171139 16.87
171289 16.82
171440 16.78
171588 16.72
171738 16.69
171889 16.63
172039 16.59
172189 16.53
172338 16.49
172488 16.44
172639 16.39
172791 16.34
172938 16.30
173090 16.25
173238 16.21
173388 16.16
173539 16.12
173688 16.06
173838 16.03
173988 15.98
174138 15.94
174288 15.89
174438 15.85
174587 15.80
174737 15.77
174887 15.72
175038 15.68
175189 15.64
175337 15.60
175488 15.55
175637 15.52
175787 15.48
175937 15.45
176092 15.40
176237 15.37
176389 15.32
176538 15.29
176687 15.25
176837 15.22
176987 15.18
177138 15.15
177286 15.11
177436 15.07
177587 15.03
177739 15.00
177888 14.96
178037 14.93
178187 14.89
178338 14.86
178486 14.82
178638 14.79
178786 14.75
178936 14.72
179086 14.68
179237 14.65
179386 14.61
179538 14.58
179686 14.54
179836 14.52
179986 14.48
180137 14.45
180289 14.41
180435 14.38
180587 14.35
180738 14.32
180886 14.28
181036 14.26
181186 14.22
181337 14.20
181486 14.16
181636 14.13
181786 14.10
181935 14.07
182086 14.03
182235 14.01
182385 13.97
182536 13.95
182684 13.91
182836 13.89
182986 13.85
183138 13.83
183286 13.80
183436 13.78
183585 13.75
183735 13.73
183885 13.70
184034 13.67
184184 13.64
184334 13.61
184485 13.58
184636 13.56
184784 13.53
184936 13.51
185087 13.48
185234 13.46
185384 13.43
185534 13.41
185684 13.37
185834 13.35
185986 13.32
186135 13.30
186284 13.27
186435 13.25
186584 13.22
186734 13.20
186883 13.17
187042 13.14
187184 13.12
187335 13.09
187487 13.07
187633 13.04
187783 13.02
187933 13.00
188083 12.97
188233 12.95
188383 12.92
188533 12.90
188683 12.87
188833 12.85
188983 12.83
189133 12.81
189283 12.78
189432 12.76
189584 12.74
189732 12.72
189882 12.69
190033 12.67
190182 12.65
190332 12.63
190483 12.61
190633 12.59
190783 12.57
190933 12.55
191082 12.53
191233 12.51
191382 12.49
191532 12.47
191683 12.44
191832 12.42
191982 12.40
192132 12.38
192281 12.36
192431 12.34
192582 12.31
192732 12.30
192881 12.27
193031 12.25
193182 12.23
193332 12.22
193481 12.20
193631 12.18
193781 12.16
193931 12.14
194081 12.12
194232 12.11
194382 12.08
194532 12.07
194682 12.05
194832 12.03
194981 12.01
195130 11.99
195281 11.97
195433 11.95
195610 11.94
195759 11.93
195910 11.91
196059 11.89
196210 11.88
196358 11.86
196508 11.84
196659 11.82
196808 11.80
196963 11.79
197109 11.77
197258 11.75
197408 11.74
197559 11.72
197709 11.70
197859 11.68
198008 11.66
198157 11.65
198308 11.63
198459 11.61
198608 11.60
198758 11.58
198908 11.57
199058 11.55
199207 11.53
199359 11.51
199507 11.50
199657 11.48
199812 11.46
199957 11.45
200108 11.43
200258 11.42
200407 11.40
200557 11.38
200707 11.36
200857 11.35
201008 11.33
201158 11.32
201307 11.30
201459 11.28
201607 11.27
201758 11.25
201906 11.23
202056 11.22
202206 11.20
202357 11.19
202506 11.17
202656 11.16
202808 11.14
202958 11.13
203108 11.11
203256 11.10
203406 11.08
203557 11.07
203706 11.05
203856 11.04
204006 11.02
204156 11.01
204306 11.00
204455 10.99
204606 10.97
204755 10.96
204907 10.94
205056 10.92
205206 10.91
205355 10.90
205508 10.88
205659 10.87
205805 10.86
205955 10.84
206105 10.83
206257 10.81
206405 10.80
206555 10.78
206706 10.77
206856 10.76
207006 10.75
207156 10.73
207305 10.72
207455 10.70
207605 10.69
207754 10.68
207909 10.66
208059 10.65
208205 10.64
208356 10.63
208506 10.61
208655 10.60
208804 10.59
208954 10.57
209105 10.56
209255 10.55
209404 10.54
209555 10.53
209704 10.51
209855 10.50
210004 10.48
210153 10.47
210304 10.46
210454 10.44
210609 10.43
210754 10.42
210905 10.41
211054 10.40
211205 10.39
211354 10.37
211503 10.36
211673 10.36
211824 10.36
211966 10.37
212112 10.38
212302 10.38
212448 10.39
212612 10.39
212723 10.39
212863 10.39
213003 10.39
213205 10.39
213325 10.40
213454 10.40
213604 10.38
213753 10.38
213902 10.36
214052 10.35
214206 10.34
214358 10.33
214502 10.32
214654 10.31
214805 10.30
214952 10.29
215107 10.28
215252 10.27
215402 10.26
215552 10.25
215702 10.24
215853 10.24
216002 10.22
216152 10.21
216306 10.20
216453 10.19
216603 10.19
216754 10.18
216902 10.17
217053 10.16
217203 10.16
217352 10.15
217501 10.14
217651 10.14
217803 10.13
217951 10.14
218101 10.13
218252 10.12
218401 10.13
218701 10.12
218861 10.13
219011 10.13
219152 10.13
219302 10.14
219466 10.14
219750 10.14
219941 10.14
220051 10.14
220202 10.13
220351 10.13
220501 10.12
220650 10.11
220801 10.10
220950 10.09
221101 10.07
221251 10.07
221400 10.06
221551 10.05
221700 10.05
221852 10.04
222003 10.04
222152 10.03
222300 10.03
222449 10.02
222601 10.02
222750 10.01
222900 10.01
223050 10.00
223199 10.00
223349 9.99
223499 9.99
223649 9.98
223799 9.98
223950 9.97
224103 9.96
224253 9.96
224401 9.96
224549 9.95
224707 9.95
224851 9.94
225000 9.94
225152 9.94
225300 9.93
225449 9.93
225599 9.92
225749 9.92
225900 9.91
226050 9.91
226200 9.90
226349 9.90
226500 9.89
226648 9.89
226799 9.88
226953 9.87
227102 9.87
227250 9.87
227400 9.86
227549 9.86
227705 9.85
227998 9.85
228148 9.84
228299 9.83
228449 9.83
