-1399.4 -324.102
-937.45 -325.108
-648.311 -232.614
408.398 55.6238
558.374 76.3856
708.336 90.9503
859.422 108.803
1009.16 122.31
1157.72 140.316
1307.68 152.214
1464.55 169.595
1611.87 184.721
1758.95 200.521
1907.43 215.158
2060.87 232.466
2206.84 244.959
2359.55 260.494
2507.88 272.356
2658.1 293.454
2807.19 306.545
2959.54 323.182
3107.99 337.528
3256.58 351.711
3406.57 363.822
3557.26 379.915
3706.22 393.601
3857.43 407.345
4008.57 423.305
4157.04 441.478
4307.33 454.854
4456.66 470.623
4608.9 483.934
4756.34 499.416
4906.18 515.149
5055.65 530.843
5206.56 543.565
5361.21 556.494
5506.15 574.843
5656.62 593.945
5808.33 606.39
5955.67 625.345
6106.76 637.546
6255.6 653.085
6407.44 665.092
6559.97 680.925
6706.62 696.147
6856.59 707.6
7005.56 727.177
7156.5 747.138
7305.6 762.704
7455.56 782.834
7606.65 794.134
7754.98 804.967
7904.95 820.534
8054.91 836.1
8206.5 846.911
8354.96 867.245
8506.18 888.045
8656.51 898.546
8805.99 914.061
8954.42 934.842
9105.91 945.193
9254.75 960.643
9405.96 976.338
9555.92 991.904
9706.01 1007.48
9855.85 1023.04
10004.4 1038.46
10155.4 1054.13
10304.3 1069.58
10455.3 1078.99
10604.8 1094.41
10759 1116.79
10909.1 1132.36
11055.3 1147.54
11206 1163.18
11354.9 1178.63
11503.6 1194.07
11654.4 1209.73
11805.5 1218.33
11954.9 1240.92
12103.9 1249.12
12259.1 1265.14
12403.7 1280.06
12553.8 1288.02
12704.3 1311.08
12854.6 1326.6
13003.7 1341.98
13153.7 1357.46
13305.5 1365.14
13453.1 1388.36
13603.2 1403.85
13755.5 1411.32
13906.4 1426.79
14054.2 1441.96
14202.5 1457.18
14353.4 1472.66
14502.8 1479.29
14652.9 1494.6
14805.5 1510.16
14955.1 1525.42
15103.4 1540.55
15255.5 1556.06
15403 1571.11
15552.5 1586.35
15702.4 1592.22
15852.9 1616.99
16004.2 1622.83
16152.4 1637.86
16304.2 1643.46
16454.1 1658.57
16605.7 1673.86
16752.9 1698.75
16902.1 1713.88
17055.2 1729.4
17202.2 1733.98
17351.6 1759.46
17501.7 1774.68
17653.6 1790.07
17802.3 1794.48
17952.4 1809.6
18101.7 1824.65
18251.2 1839.72
18403.9 1855.11
18551.9 1870.03
18701.3 1885.09
18854.3 1900.51
19003.7 1904.17
19154.6 1919.29
19306.9 1946.14
19452.1 1960.77
19602 1975.88
19750.7 1990.87
19901.5 1994.13
20051.4 2009.15
20203.2 2024.36
20351.2 2039.19
20501.8 2054.28
20651 2069.23
20801.1 2071.78
20950.9 2086.71
21100.2 2101.58
21250.2 2116.52
21401.8 2118.78
21562.2 2134.66
21714.8 2162.8
21861.4 2177.39
22012.1 2192.41
22160.9 2207.23
22310.3 2222.11
22465 2237.51
22610.2 2251.98
22760.3 2266.93
22910.3 2268.12
23061.5 2283.09
23211.4 2297.93
23363.6 2313
23510.9 2327.58
23661.1 2342.45
23809.8 2357.17
23962.3 2372.26
24112.3 2387.12
24261.9 2401.93
24412.2 2416.8
24562.3 2431.67
24712.3 2446.52
24861.8 2461.32
25010 2475.99
25161.7 2506.11
25311.5 2521.03
25460.5 2535.87
25615.1 2551.27
25759.4 2565.64
25910.2 2580.65
26061.3 2595.7
26209.8 2610.49
26367.3 2626.18
26509.4 2656.24
26660.5 2671.38
26809.8 2686.34
26961 2701.5
27110.9 2716.51
27260 2731.45
27411.7 2746.65
27562.5 2761.77
27709.7 2776.51
27858.7 2791.44
28009.8 2806.58
28158.5 2821.48
28312.6 2836.92
28460 2868.77
28609.7 2866.7
28761.6 2881.91
28909.3 2914.06
29060.3 2929.27
29212.2 2944.59
29359.7 2959.46
29508.5 2974.46
29658.1 2989.54
29808.9 3004.73
29960.2 3019.98
30109.8 3035.06
30258.6 3050.06
30412.3 3065.56
30562.7 3080.72
30708.1 3095.38
30857.6 3128.96
31009.2 3144.33
31158.5 3159.47
31308.8 3174.72
31458 3189.85
31610.9 3205.35
31760 3220.46
31907.7 3235.44
32057.7 3250.65
32211.3 3266.22
32358.3 3300.55
32509 3315.91
32659.9 3331.31
32807.7 3346.39
32958.3 3361.75
33108 3377.02
33260.2 3412.5
33406.8 3427.54
33557.3 3442.98
33710.8 3458.72
33858.8 3473.92
34007.3 3489.15
34157.3 3525.03
34307.4 3540.52
34457.2 3555.98
34610.1 3571.76
34757.9 3607.87
34909.5 3623.6
35056.2 3638.83
35206.8 3654.46
35357.9 3670.15
35506.2 3685.54
35656.7 3701.16
35807.9 3716.86
35957.2 3732.36
36106.3 3747.83
36257.8 3763.56
36411.6 3779.52
36556.2 3794.53
36707 3810.19
36857.6 3825.82
37012.6 3841.91
37157 3879.19
37306.6 3894.81
37455.3 3910.34
37606.7 3926.14
37760.6 3942.21
37907.6 3957.55
38055.4 3972.99
38208.3 3988.94
38357.1 4004.49
38505.5 4043.07
38655.2 4035.6
38805.8 4074.6
38955.5 4090.32
39112.8 4106.85
39256.3 4121.91
39407 4137.73
39556.6 4153.44
39707.5 4169.29
39855 4184.77
40004.8 4200.51
40156.6 4216.44
40305.3 4232.05
40454.7 4247.75
40604.3 4287.82
40757.8 4304.02
40904.6 4319.53
41055 4335.4
41205.3 4351.28
41355.3 4367.12
41504 4382.82
41656.4 4398.92
41807.6 4414.88
41958.6 4430.83
42104.2 4446.2
42254.7 4462.1
42409.3 4478.42
42555.7 4493.88
42705.9 4509.75
42854 4525.38
43005.7 4541.41
43154.2 4557.08
43303.5 4572.85
43455 4588.85
43605.1 4604.7
43755.4 4620.57
43905.3 4636.39
44053.1 4652.01
44203.9 4667.94
44353.4 4683.72
44512.6 4700.53
44654.5 4742.3
44804.1 4758.19
44953.8 4774.09
45106.6 4790.32
45253.4 4805.91
45403.9 4821.89
45553.4 4837.77
45703.8 4853.75
45855.6 4869.86
46004.5 4885.68
46154.6 4901.62
46302.8 4917.36
46452.8 4933.28
46602.9 4949.22
46753.7 4965.24
46902.2 4981.01
47052.8 4997
47203.3 5012.99
47354.2 5029.01
47503.5 5044.87
47654 5060.85
47803 5076.67
47953.3 5092.64
48103.9 5108.63
48251.7 5124.33
48402.2 5140.31
48552.4 5156.26
48701.6 5172.11
48853.2 5188.21
49001.9 5204
49154.7 5220.23
49303.1 5235.99
49453.8 5251.99
49602.5 5267.78
49753.5 5283.82
49902.1 5299.6
50051.2 5315.43
50202.5 5331.5
50354.2 5347.61
50501.6 5363.27
50653.5 5379.4
50801.2 5395.09
50951.7 5411.07
51102 5427.04
51254.6 5443.24
51400.7 5458.75
51552.5 5474.88
51701.2 5490.67
51852.3 5537.83
52001.8 5522.59
52150.8 5538.41
52301.3 5554.4
52452.4 5570.45
52600.3 5586.15
52750.9 5602.14
52900.8 5618.07
53050.4 5633.95
53200.3 5681.79
53350.2 5665.79
53500.4 5681.74
53649.9 5697.62
53800.9 5713.65
53949.9 5729.48
54099.6 5745.38
54251 5761.45
54401 5777.38
54551 5793.32
54699.8 5809.11
54851.3 5825.2
55002.4 5841.26
55149.8 5856.9
55300.1 5872.87
55450 5888.79
55603.2 5905.06
55750.1 5920.66
55899.3 5936.51
56049.5 5952.46
56202.5 5968.71
56349.1 5984.28
56499.4 6000.24
56650.2 6016.25
56799.1 6032.06
56951.1 6048.2
57099.6 6063.97
57254 6080.38
57399.5 6095.82
57549.3 6111.74
57698.4 6127.57
57848.4 6143.5
57998.4 6159.43
58150.2 6175.55
58298.9 6191.34
58451.2 6207.52
58599 6223.21
58754.5 6239.73
58899.2 6255.1
59048.4 6270.94
59198.9 6286.92
59348.1 6302.77
59500 6318.9
59651.8 6335.02
59798.2 6350.57
59949.7 6402.63
60098.4 6418.51
60248.9 6434.58
60398.9 6450.6
60548 6466.52
60700.2 6482.78
60847.7 6498.54
60998.9 6514.69
61147.6 6530.56
61300.7 6546.91
61449 6562.75
61597.7 6578.63
61752.3 6595.15
61897.6 6610.67
62047.7 6626.7
62197.2 6642.66
62347.8 6658.75
62500.1 6712.51
62648.4 6728.44
62799.1 6744.63
62947.1 6760.52
63096.8 6776.6
63247 6792.73
63396.6 6808.8
63548.5 6825.11
63697.3 6841.09
63849.7 6857.46
63997 6873.28
64149.8 6889.69
64297 6905.5
64448.5 6921.77
64596.5 6937.66
64746.3 6953.75
64896.4 6969.87
65047 6986.05
65200.7 7002.56
65346.7 7018.23
65496.1 7034.28
65646.2 7050.4
65796.7 7066.56
65947.8 7082.79
66098.7 7099
66246.1 7114.83
66398.2 7131.17
66547 7147.15
66698.6 7163.43
66848.2 7179.49
66996 7195.37
67146.4 7211.52
67298.1 7227.81
67447.3 7243.84
67597.5 7259.97
67748.1 7276.14
67896 7292.03
68046.5 7308.19
68196.4 7324.29
68346.6 7340.42
68497 7356.58
68649.2 7372.93
68795.4 7388.63
68944.8 7404.67
69096.4 7420.95
69245.8 7437
69395.7 7453.1
69546.3 7469.27
69696.8 7485.44
69844.4 7501.29
69994.9 7517.45
70146.2 7533.7
70297.3 7549.93
70444.5 7565.74
70595 7581.9
70746.1 7598.13
70896.8 7614.32
71044.5 7630.18
71194.2 7646.26
71344.7 7662.42
71496.1 7678.69
71646.2 7694.81
71796.7 7710.97
71947.5 7727.16
72094.3 7742.92
72246.7 7759.3
72394.4 7775.16
72544.4 7791.27
72693.7 7807.31
72846.1 7823.67
72993.8 7839.53
73147.6 7856.06
73295.4 7871.92
73443.8 7887.87
73594.5 7904.05
73746.6 7920.39
73893.7 7936.18
74044 7952.33
74193.4 7968.37
74343.7 7984.51
74494.5 8000.71
74644.5 8016.82
74793.7 8032.85
74943.8 8048.97
75094.8 8065.18
75243 8081.1
75394.6 8097.38
75548.2 8113.87
75693.6 8129.5
75843.7 8145.62
75993.3 8161.68
76143.5 8177.82
76297.6 8194.36
76443.1 8209.99
76595.1 8226.31
76742.5 8242.14
76893.6 8258.37
77042.9 8274.41
77196.5 8290.91
77342.3 8306.57
77494.1 8322.86
77643.5 8338.92
77794.8 8355.16
77942.7 8371.05
78092 8387.09
78243.5 8403.35
78391.8 8419.28
78545.8 8435.82
78693.1 8451.64
78843.6 8467.8
78992.5 8483.79
79142.4 8499.9
79292.4 8516
79442.4 8532.11
79591.8 8548.16
79741.6 8564.25
79894.6 8580.68
80044.1 8596.73
80198.6 8613.33
80346.2 8629.18
80510 8646.77
80641.2 8660.86
80791.6 8677.02
80942.7 8693.25
81092.6 8709.35
81240.6 8725.25
81391.2 8741.42
81541.8 8757.59
81692.6 8773.78
81840.8 8789.7
81990.6 8805.79
82140.3 8821.87
82290.5 8838
82440.4 8854.1
82591.1 8870.28
82740.2 8886.29
82891.1 8902.51
83042.7 8918.79
83191.6 8934.77
83342 8950.93
83490.9 8966.92
83641.3 8983.07
83792.9 8999.36
83946.4 9015.84
84090.2 9031.29
84239.8 9047.35
84393.4 9063.85
84540.3 9079.63
84692.7 9095.99
84841.5 9111.98
84989.7 9127.9
85144 9144.46
85289.3 9160.07
85441.5 9176.42
85591.3 9192.51
85739.3 9208.4
85889.6 9224.55
86040.1 9240.71
86189.2 9256.72
86340.4 9272.96
86489.4 9288.96
86639.4 9305.07
86790.1 9321.25
86939.5 9337.3
87096.9 9354.2
87241.5 9369.73
87390.9 9385.78
87539.7 9401.77
87688.5 9417.74
87839 9433.91
87991.4 9450.28
88138.7 9466.1
88291.9 9482.56
88439.6 9498.42
88591.3 9514.7
88740.6 9530.74
88888 9546.58
89038 9562.68
89188 9578.79
89339.1 9541.41
89488.4 9557.36
89639 9573.44
89792.3 9589.82
89937.9 9605.37
90089 9621.51
90238.6 9637.48
90390.3 9653.68
90537.9 9669.45
90689.9 9685.68
90838.9 9701.6
90987.9 9717.51
91139.7 9733.72
91287.3 9749.49
91439 9765.69
91587.1 9781.51
91737.1 9797.52
91888.6 9813.7
92037.1 9829.57
92189.4 9845.82
92338.2 9861.72
92487.7 9877.68
92637.9 9838.14
92788.7 9854.16
92937.7 9925.74
93086.9 9941.68
93237.7 9957.79
93387.1 9917.71
93536.7 9933.59
93689 9949.77
93837.6 10021.9
93987 9981.42
94139.6 10054.1
94287.3 10013.3
94437.1 10029.2
94588.8 10045.3
94737 10061.1
94888.3 10077.1
95036.2 10092.8
95186.5 10108.8
95337.7 10124.9
95489.3 10141
95636.5 10156.6
95786.5 10172.5
95937.9 10188.6
96086.5 10204.4
96238.8 10220.6
96386.3 10236.2
96538 10252.3
96685.8 10268
96836.6 10284
96986.9 10300
97135.5 10315.8
97287.6 10331.9
97436.6 10347.8
97586 10363.6
97738.4 10438.5
97892.9 10455
98047.1 10471.4
98208.5 10488.7
98336.5 10502.3
98488.1 10518.5
98636.4 10534.4
98785.3 10550.3
98936.3 10566.4
99085.3 10582.3
99235.8 10598.4
99385.5 10554.7
99535.2 10570.6
99687.5 10586.8
99837 10602.7
99988.1 10618.7
100135 10694.4
100287 10710.7
100435 10726.5
100585 10742.5
100736 10698.2
100886 10714.1
101038 10730.2
101187 10746.1
101335 10761.7
101484 10777.6
101635 10793.6
101785 10809.5
101939 10825.9
102086 10841.5
102235 10857.3
102389 10873.7
102534 10889.2
102686 10905.2
102835 10921
102984 10936.9
103134 10952.9
103286 10969
103434 10984.7
103584 11000.7
103734 11016.5
103884 11032.5
104034 11048.5
104186 11064.6
104336 11080.4
104484 11096.2
104634 11112.1
104784 11128.1
104933 11143.9
105084 11160
105234 11175.8
105386 11192
105535 11207.8
105687 11223.9
105834 11239.6
105984 11255.5
106133 11271.3
106283 11287.2
106433 11303.2
106582 11319
106736 11335.4
106884 11351.1
107034 11367
107183 11382.8
107334 11398.8
107483 11414.7
107633 11430.6
107783 11446.5
107960 11465.3
108112 11481.5
108260 11497.2
108413 11513.5
108562 11529.3
108710 11545
108863 11561.2
109011 11576.9
109160 11592.8
109309 11608.7
109459 11624.6
109613 11640.9
109761 11656.6
109910 11672.4
110060 11688.3
110210 11704.3
110361 11720.3
110513 11736.5
110664 11752.5
110809 11768
110959 11783.9
111110 11799.9
111260 11815.8
111412 11832
111559 11847.6
111709 11863.5
111859 11879.5
112010 11895.4
112159 11911.3
112309 11927.2
112459 11943.1
112609 11959.1
112759 11975
112908 11990.9
113060 12007
113215 11955.5
113360 12038.8
113510 11986.7
113659 12002.4
113808 12018.1
113958 12034
114109 12049.9
114259 12065.7
114409 12081.6
114559 12097.4
114709 12113.2
114859 12129.1
115009 12144.9
115159 12160.8
115308 12176.5
115462 12192.8
115609 12208.3
115759 12224.2
115910 12240.1
116060 12256
116208 12271.6
116360 12287.6
116508 12303.2
116658 12319.1
116807 12334.9
116957 12350.7
117108 12366.6
117259 12382.5
117407 12398.2
117559 12414.2
117707 12429.8
117859 12445.9
118009 12461.8
118160 12477.7
118307 12493.3
118457 12509
118607 12524.9
118759 12541
118906 12556.5
119057 12572.5
119207 12588.3
119358 12604.2
119509 12620.2
119657 12635.8
119809 12651.8
119956 12667.4
120106 12683.2
120256 12699.1
120407 12715
120556 12730.7
120706 12746.5
120856 12762.4
121009 12778.6
121158 12794.3
121306 12809.9
121457 12825.8
121606 12768.6
121755 12784.3
121909 12800.4
122056 12815.9
122206 12831.6
122358 12847.6
122506 12863.1
122658 12879.1
122806 12894.6
122956 12910.4
123105 12926
123255 12941.8
123405 12957.5
123558 12973.6
123705 12989.1
123856 13004.9
124008 13020.8
124155 13036.3
124305 13052.1
124454 13067.7
124607 13083.7
124757 13099.4
124904 13115
125056 13130.9
125206 13146.6
125355 13162.3
125504 13178
125654 13193.7
125805 13209.6
125954 13225.2
126105 13241
126254 13256.7
126405 13196.7
126555 13212.3
126704 13227.9
126854 13243.5
127005 13259.3
127154 13274.9
127304 13290.5
127455 13306.3
127604 13321.9
127756 13337.8
127904 13353.1
128055 13368.9
128204 13384.5
128353 13400.1
128505 13416
128653 13508.6
128804 13447.2
128953 13462.7
129103 13478.4
129256 13494.3
129406 13509.9
129553 13525.4
129704 13618.9
129853 13556.7
130003 13572.3
130155 13588.2
130303 13603.6
130455 13619.5
130604 13635.1
130754 13650.7
130903 13666.3
131056 13682.3
131203 787220
131352 788113
131503 789020
131656 789937
131804 790824
131953 791721
132107 792639
132254 793522
132403 794420
132552 795313
132705 796227
132852 797113
133002 798010
133152 798910
133304 799821
133452 782294
133603 729310
133752 698184
133901 655902
134052 630900
134205 596597
134351 576205
134502 547475
134651 530311
134802 506155
134951 491573
135103 470887
135252 458343
135402 440488
135551 429425
135704 413869
135851 404456
136003 390709
136152 382314
136301 370057
136451 362687
136601 351692
136754 345029
136901 335217
137053 329173
137201 320392
137351 314890
137501 306986
137651 302035
137801 294673
137950 290192
138101 283383
138250 279210
138400 273035
138551 269095
138704 263398
138851 259846
139001 254539
139151 251306
139301 246395
139450 243312
139599 238799
139750 235954
139901 231676
140050 228982
140203 225026
140350 222566
140501 218844
140651 216630
140800 213058
140949 210916
141099 207585
141251 205521
141401 202430
141553 200524
141699 197500
141849 195752
142000 192892
142149 191219
142304 188524
142449 186922
142600 184382
142750 182777
142900 180397
143050 178956
143199 176736
143348 175286
143498 173145
143651 171777
143798 169710
143950 168507
144101 166523
144249 165310
144398 163401
144551 162272
144699 160529
144848 159391
144999 157730
145151 156676
145298 155004
145449 153943
145598 152353
145748 151461
145900 149868
146048 149056
146197 147542
146349 146642
146499 145210
146650 144392
146797 143039
146949 142217
147102 140953
147250 140211
147397 138936
147547 138192
147699 136917
147850 136258
148001 135066
148147 134310
148301 133293
148449 132535
148598 131509
148746 130837
148896 129718
149046 129134
149196 128100
149346 127512
149497 126475
149647 125883
149798 124932
149947 124426
150096 123469
150246 122871
150397 122002
150548 121492
150697 120618
150849 120106
150997 119227
151146 118801
151297 118012
151446 117492
151596 116699
151746 116176
151899 115473
152045 114946
152198 114240
152346 113803
152496 113091
152650 112564
152798 111848
152946 111497
153095 110780
153245 110336
153395 109708
153547 109264
153697 108633
153845 108184
153995 107643
154144 107192
154295 106556
154447 106198
154596 105651
154745 105289
154895 104647
155046 104284
155195 103732
155345 103366
155495 102813
155645 102445
155794 101889
155944 101613
156095 101056
156244 100777
156396 100219
156544 99844
156695 99375.8
156844 99000
156994 98529.7
157148 98249.1
157294 97773.7
157445 97489.9
157594 97014.9
157746 96729.7
157894 96252
158044 95964
158194 95485.6
158343 95290.8
158494 94811
158644 94520.1
158794 94038.1
158943 93839.9
159093 93355.9
159245 93158.4
159393 92671.3
159545 92472.3
159693 92078.8
159843 91781.6
159992 91387.7
160143 91089.3
160293 90693.9
160443 90489.6
160594 90093.1
160745 89888.4
160893 89488.6
161042 89281.7
161193 88978.6
161342 88770.4
161493 88369.1
161642 88159.8
161793 87756.5
161942 87643.2
162094 87239.3
162242 87026.8
162392 86717.2
162542 86505.1
162694 86195.2
162844 86079.1
162994 85669.5
163142 85551.9
163296 85240.5
163442 85022.4
163593 84708.4
163742 84589.2
163893 84274
164042 84153.7
164193 83836.8
164344 83618.4
164492 83397.5
164642 83276.2
164792 82956.1
164942 82834
165092 82512.9
165241 82389.1
165392 82067.7
165543 81943.6
165692 81719.2
165842 81594.5
165992 81269.8
166142 81143.9
166293 80818.6
166441 80690.6
166592 80463.8
166740 80335.6
166893 80108.8
167041 79979.4
167192 79750.6
167341 79621.1
167491 79290
167641 79260.7
167790 78928.6
167940 78797.4
168091 78565.9
168240 78433.4
168392 78201
168544 78170.6
168691 77935.1
168841 77801.9
168992 77567.3
169141 77432.6
169290 77196.1
169443 77062.5
169591 76926.4
169740 76790.5
169890 76552.5
170040 76517.8
170191 76279.8
170342 76142.9
170489 75901.8
170641 75867
170790 75625.6
170940 75487.2
171091 75348.7
171239 75208.2
171391 74966.2
171541 74929
171693 74686.3
171839 74646.7
171990 74402.7
172142 74262
172290 74119.3
172441 74080.6
172592 73835
172739 73794.2
172889 73547
173039 73506.8
173189 73362.8
173338 73218.2
173489 73073.5
173641 73033.3
173788 72886.7
173939 72741.4
174090 72595.6
174239 72448.6
174390 72301.9
174539 72259.1
174689 72111.8
174838 71963.5
174988 71815
175139 71772
175291 71623.8
175439 71578.9
175588 71429.3
175738 71279.3
175891 71130.4
176038 71084.1
176187 70933
176337 70781.8
176488 70630.4
176640 70585.4
176787 70432.1
176938 70386.1
177088 70232.9
177240 70187.2
177387 70032.3
177539 69879.2
177690 69725.7
177837 69676.6
177988 69522.2
178137 69473.5
178290 69319.2
178437 69269.3
178586 69112.9
178737 69063.9
178886 68907
179037 68857.7
179188 68700.6
179337 68650.2
179487 68492.2
179638 68442
179787 68282.9
179938 68232.3
180086 68072.4
180237 68021.5
180386 67861.1
180537 67809.7
180686 67648.8
180836 67596.6
180987 67544.5
181136 67491.4
181286 67329.5
181437 67277
181588 67114.8
181736 67060.8
181887 67007.2
182038 66953.4
182186 66789.5
182338 66735.9
182487 66680.9
182637 66626.1
182786 66461.1
182935 66405.5
183087 66241.1
183235 66184.6
183385 66128.7
183536 66073
183686 65906.7
183837 65960.7
183985 65793.1
184136 65736.4
184285 65679.2
184436 65622.3
184584 65453.7
184736 65396.4
184885 65338.3
185034 65280.1
185184 65110.9
185334 65163.6
185484 64993.6
185637 64935.7
185786 64876.3
185934 64816.6
186084 64645.6
186236 64698.3
186385 64526.3
186535 64466.5
186685 64406.3
186834 64345.5
186984 64172.9
187134 64224.2
187284 64051.1
187434 63990.1
187584 63928.5
187734 63867.2
187884 63805.3
188034 63743.4
188183 63681.2
188333 63619
188485 63557
188634 63494.3
188784 63431.6
188939 63370
189087 63306.2
189233 63241.6
189387 63179.7
189533 63114.4
189684 63050.8
189834 62987
189984 62922.8
190133 62857.9
190284 62793.6
190434 62728.9
190584 62663.9
190734 62598.8
190883 62533.1
191032 62467.6
191185 62402.9
191338 62338
191482 62270
191634 62204.4
191783 62137.6
191934 62071.3
192083 62004.2
192232 61937.1
192382 61870
192534 61803.3
192683 61735.5
192835 61784.4
192982 61715.5
193135 61648.8
193282 61579.6
193432 61511.3
193584 61443.6
193732 61374.3
193882 61305.6
194031 61236.3
194182 61167.3
194361 61223.8
194510 61154
194659 61084.1
194810 61014.6
194959 61061.2
195110 60991.5
195259 60920.9
195410 60850.7
195561 60780.5
195710 60709.2
195861 60755.9
196009 60684.4
196159 60613.1
196309 60541.6
196461 60588.4
196609 60516.4
196760 60444.7
196909 60372.2
197059 60300.1
197208 60227.5
197359 60273.4
197510 60200.9
197660 60246.7
197810 60173.7
197961 60100.9
198109 60027
198259 60072.6
198409 59998.7
198560 59925.3
198710 59970.8
198863 59897.4
199008 59821.8
199158 59866.9
199310 59793.1
199460 59718.4
199609 59643.1
199760 59688.4
199909 59612.8
200060 59538
200209 59582.2
200360 59506.8
200508 59430.6
200660 59475.5
200809 59399.4
200958 59322.8
201108 59367.1
201258 59290.7
201409 59214.3
201560 59258.6
201709 59181.3
201857 59103.7
202009 59148.3
202159 59070.7
202307 58992.7
202457 59036.4
202607 58958.6
202758 58881
202907 58924.3
203059 58846.4
203207 58889.4
203358 58811.1
203507 58732.1
203658 58775.7
203809 58697
203957 58739.7
204108 58660.8
204257 58580.9
204408 58624.2
204558 58544.4
204709 58464.8
204858 58507.4
205006 58426.8
205156 58469.5
205307 58389.2
205457 58308.6
205606 58351
205757 58270.3
205906 58189.1
206056 58231.5
206206 58150.1
206356 58192.3
206506 58110.9
206658 58153.5
206807 58071.5
206957 57989.3
207106 58031.1
207256 57948.6
207406 57990.9
207560 57909.3
207705 57825
207858 57867.6
208006 57784.1
208156 57825.7
208307 57742.7
208456 57784
208605 57700.2
208755 57741.6
208905 57657.9
209057 57574.2
209209 57616.1
209356 57531
209506 57572.3
209657 57488
209806 57528.7
209955 57443.7
210105 57358.6
210258 57400.5
210436 57449
210596 57366.4
210714 57398.6
210864 57439.3
211040 57360.5
211168 57395.5
211473 57351.4
211611 57388.9
211754 57427.8
211946 57352.5
212058 57382.8
212204 57422.3
212355 57335.8
212506 57376.6
212654 57416.5
212803 57329.2
212953 57369.5
213103 57282.2
213257 57323.6
213409 57364.2
213555 57275.5
213704 57315.3
213860 57357.2
214005 57267.7
214161 57309.5
214304 57219.3
215436 58167.6
216027 59234.6
216173 59534.2
216331 59577.5
216487 59620.5
216650 59665.3
216816 59581.1
216975 59624.7
217141 59670.4
217434 59620.3
217584 59661.6
218088 59668.9
218210 59702.3
218511 59784.6
218639 59819.5
219309 60266.2
220186 61035.4
220281 61326.2
220419 61496.8
220576 61540.6
220738 61453.5
220824 61477.5
220902 61631.6
221053 61541
221204 61583.2
221351 61624.2
221503 61666.5
221652 61707.9
221801 61749.5
221952 61791.4
222103 61833.3
222250 61741.1
222406 61784.4
222550 61824.4
222703 61866.9
222851 61907.9
223001 61949.8
223154 61992.2
223302 61899.3
223450 61940.4
223600 61981.9
223750 62023.4
223900 62065
224053 62107.4
224202 62014.2
224350 62055.2
224500 62096.7
224649 62138
224800 62179.7
224949 62220.9
225102 62128
225250 62169
225401 62210.7
225549 62251.6
225699 62157.6
225850 62199.2
226000 62240.4
226150 62281.6
226300 62323
226450 62364.5
226639 62416.5
226750 62446.8
226901 62352.3
227049 62393
227203 62435.4
