615.959 13.83
765.169 12.80
915.151 11.81
1248.3 10.32
1394.89 9.67
1530.48 8.82
1676.19 8.36
1834.78 7.77
2000.37 7.42
2203.08 6.82
2410.28 6.44
2565.72 6.11
2733.57 5.82
2816.12 5.73
2864.5 5.67
3014.73 5.58
3164.43 5.37
3314.26 5.22
3465.35 5.01
3614.19 4.88
3764.54 4.69
3914.12 4.58
4064.08 4.42
4214.04 4.33
4364.02 4.19
4513.85 4.11
4663.81 3.99
4813.77 3.92
4963.73 3.81
5113.7 3.75
5263.66 3.65
5413.62 3.59
5563.6 3.50
5713.56 3.45
5863.39 3.37
6013.36 3.32
6163.31 3.25
6313.28 3.21
6463.25 3.14
6613.21 3.10
6763.17 3.04
6913.13 3.01
7063.09 2.95
7212.94 2.92
7362.9 2.87
7512.86 2.84
7662.83 2.79
7812.8 2.76
7962.75 2.72
8112.71 2.70
8262.68 2.65
8412.65 2.63
8562.48 2.59
8712.46 2.57
8862.42 2.53
9012.37 2.51
9162.33 2.48
9312.3 2.46
9462.26 2.43
9612.23 2.41
9762.19 2.38
9912.05 2.37
10062 2.34
10212 2.32
10361.9 2.30
10511.9 2.28
10661.8 2.26
10811.8 2.24
10961.8 2.22
11111.7 2.20
11261.6 2.18
11411.5 2.17
11561.5 2.15
11711.5 2.14
11861.4 2.12
12011.4 2.10
12161.4 2.09
12311.3 2.08
12461.3 2.06
12611.1 2.05
12761.1 2.03
12911.9 2.02
13061 2.00
13211 1.99
13360.9 1.98
13510.9 1.97
13660.9 1.95
13810.8 1.95
13961.4 1.93
14110.6 1.93
14260.6 1.91
14410.6 1.91
14560.5 1.89
14710.5 1.89
14860.6 1.87
15010.5 1.86
15160.5 1.85
15310.3 1.85
15460.3 1.83
15610.3 1.83
15760.2 1.82
15910.2 1.81
16060.1 1.80
16210.1 1.79
16360.1 1.78
16509.9 1.78
16659.9 1.76
16809.8 1.76
16959.8 1.75
17109.8 1.74
17259.7 1.73
17409.7 1.73
17559.7 1.72
17709.7 1.71
17859.5 1.70
18009.4 1.70
18159.4 1.69
18309.5 1.69
18459.3 1.68
18609.3 1.67
18759.2 1.66
18909.3 1.66
19059.2 1.65
19209 1.65
19359 1.64
19508.9 1.64
19658.9 1.63
19808.9 1.63
19958.8 1.62
20108.8 1.62
20258.7 1.61
20409 1.60
20558.6 1.60
20708.5 1.59
20858.5 1.59
21008.4 1.58
21158.4 1.58
21308.4 1.57
21458.3 1.57
21608.3 1.57
21758.3 1.56
21908.1 1.56
22058.4 1.55
22208 1.55
22358.2 1.54
22508 1.54
22657.9 1.53
22807.9 1.53
22957.8 1.52
23107.8 1.52
23257.6 1.52
23407.6 1.51
23557.6 1.51
23707.5 1.51
23857.5 1.50
24007.5 1.50
24157.4 1.49
24307.4 1.49
24457.3 1.49
24607.2 1.48
24757.2 1.48
24907.1 1.48
25057.1 1.47
25207 1.47
25357 1.47
25507 1.47
25656.9 1.46
25806.8 1.46
25956.7 1.46
26106.7 1.45
26256.9 1.45
26406.6 1.45
26556.6 1.44
26706.6 1.44
26856.5 1.44
27006.5 1.44
27156.3 1.43
27306.3 1.43
27456.2 1.43
27606.2 1.43
27756.2 1.42
27906.1 1.42
28056.1 1.42
28206.1 1.42
28356.1 1.41
28505.9 1.41
28655.9 1.41
28805.8 1.41
28955.8 1.41
29106.1 1.40
29255.7 1.40
29405.6 1.40
29555.6 1.40
29705.6 1.40
29855.8 1.39
30005.4 1.39
30155.3 1.39
30305.3 1.39
30455.3 1.39
30633.4 1.38
30783.4 1.38
30933.3 1.38
31083.3 1.38
31233.6 1.38
31383.1 1.38
31533.1 1.37
31683 1.37
31833 1.37
31983 1.37
32132.9 1.37
32282.9 1.36
32433 1.36
32582.7 1.36
32733 1.36
32882.6 1.36
33032.7 1.36
33182.6 1.36
33332.5 1.35
33482.5 1.35
33632.5 1.35
33782.4 1.35
33932.2 1.35
34082.6 1.35
34232.3 1.35
34382.1 1.34
34532.1 1.34
34682 1.34
34832.2 1.34
34982 1.34
35131.9 1.34
35281.8 1.33
35431.9 1.33
35581.7 1.33
35731.6 1.33
35881.5 1.33
36031.5 1.33
36181.4 1.33
36331.4 1.32
36481.2 1.32
36631.2 1.32
36781.4 1.32
36931.2 1.32
37081.1 1.31
37231.1 1.31
37381 1.31
37531 1.31
37680.9 1.30
37830.8 1.30
37980.8 1.30
38130.7 1.30
38280.7 1.29
38430.6 1.29
38580.6 1.29
38730.6 1.29
38880.5 1.28
39030.5 1.28
39180.6 1.28
39330.3 1.28
39480.3 1.28
39630.2 1.27
39780.2 1.27
39930.1 1.27
40080.1 1.27
40230.1 1.26
40380 1.26
40529.9 1.26
40679.8 1.26
40829.8 1.26
40979.8 1.25
41129.7 1.25
41279.7 1.25
41429.6 1.25
41579.6 1.25
41729.6 1.25
41879.4 1.24
42029.4 1.24
42179.3 1.24
42329.3 1.24
42479.3 1.23
42629.2 1.23
42779.2 1.23
42929.2 1.23
43079.1 1.23
43229 1.23
43378.9 1.22
43528.9 1.22
43678.9 1.22
43828.8 1.22
43979.3 1.22
44129.1 1.22
44278.7 1.21
44428.7 1.21
44578.5 1.21
44728.5 1.21
44878.4 1.21
45028.4 1.21
45178.4 1.20
45328.3 1.20
45478.3 1.20
45628.2 1.20
45778.2 1.20
45928.1 1.20
46078 1.19
46228 1.19
46377.9 1.19
46527.9 1.19
46677.9 1.19
46828.2 1.19
46977.8 1.19
47127.6 1.19
47277.6 1.18
47427.6 1.18
47577.5 1.18
47727.5 1.18
47877.5 1.18
48027.4 1.18
48177.4 1.18
48327.2 1.18
48477.1 1.17
48627 1.17
48777 1.17
48927 1.17
49077 1.17
49227 1.17
49376.8 1.17
49526.9 1.17
49676.8 1.16
49826.6 1.16
49976.6 1.16
50126.9 1.16
50276.5 1.16
50426.4 1.16
50576.4 1.16
50726.4 1.16
50876.3 1.16
51026.3 1.16
51176.1 1.16
51326.4 1.15
51477 1.15
51626.1 1.15
51776 1.15
51926 1.15
52075.9 1.15
52225.9 1.15
52375.9 1.15
52525.7 1.15
52675.7 1.14
52825.6 1.14
52975.6 1.14
53126.6 1.14
53275.5 1.14
53425.5 1.14
53575.4 1.14
53725.4 1.14
53875.2 1.14
54025.2 1.14
54175.6 1.13
54325.1 1.13
54475.1 1.13
54625.1 1.13
54775 1.13
54925 1.13
55075 1.13
55224.8 1.13
55374.8 1.13
55524.7 1.13
55674.7 1.12
55825.2 1.12
55974.6 1.12
56124.6 1.12
56274.5 1.12
56424.5 1.12
56574.3 1.12
56724.3 1.12
56874.3 1.12
57024.2 1.12
57174.6 1.12
57324.2 1.11
57474.1 1.11
57624.1 1.11
57774 1.11
57923.9 1.11
58073.8 1.11
58223.8 1.11
58373.8 1.11
58523.7 1.11
58673.7 1.11
58823.6 1.11
58973.6 1.10
59123.6 1.10
59273.9 1.10
59423.5 1.10
59573.5 1.10
59723.4 1.10
59873.4 1.10
60023.4 1.10
60173.3 1.10
60323.3 1.10
60473.1 1.10
60623.1 1.10
60773.1 1.10
60923 1.10
61073 1.10
61222.9 1.10
61372.9 1.10
61522.9 1.10
61672.8 1.09
61822.7 1.09
61972.6 1.09
62122.6 1.09
62272.6 1.09
62422.5 1.09
62572.5 1.09
62722.8 1.09
62872.4 1.09
63022.4 1.09
63172.2 1.09
63322.2 1.09
63472.2 1.09
63622.1 1.09
63772.5 1.09
63922 1.09
64072.7 1.09
64222.2 1.09
64372.3 1.08
64521.8 1.08
64671.7 1.08
64821.7 1.08
64971.7 1.08
65121.6 1.08
65271.6 1.08
65421.5 1.08
65571.5 1.08
65721.5 1.08
65871.3 1.08
66021.3 1.08
66171.2 1.08
66321.2 1.08
66471.2 1.08
66621.1 1.08
66771.1 1.08
66921 1.08
67071 1.08
67220.9 1.08
67370.8 1.08
67520.8 1.08
67671.5 1.08
67820.7 1.07
67970.7 1.07
68120.6 1.07
68270.6 1.07
68420.4 1.07
68570.4 1.07
68721.9 1.07
68870.3 1.07
69020.6 1.07
69170.6 1.07
69342.1 1.07
