197.512 3.20
468.947 4.17
520.245 5.72
660.706 6.16
831.462 6.15
947.514 6.30
1118.01 6.33
1247.33 6.52
1405.73 6.48
1555.99 6.36
1706.71 6.54
1848.39 6.42
1996.47 6.14
2146.57 6.04
2296.17 5.79
2449.76 5.68
2596.77 5.49
2746.91 5.38
2896.99 5.20
3046.83 5.11
3198.17 4.98
3345.77 4.90
3496.23 4.79
3648.56 4.74
3797.42 4.66
3945.49 4.62
4095.45 4.50
4246.42 4.44
4395.64 4.37
4545.6 4.33
4696.69 4.25
4845.27 4.22
4995.99 4.16
5146.2 4.14
5295.41 4.09
5447.19 4.05
5594.96 3.99
5744.93 3.96
5895.51 3.91
6044.98 3.89
6196.07 3.86
6345.66 3.86
6495.49 3.82
6645.59 3.81
6794.94 3.77
6944.76 3.74
7094.85 3.70
7245.31 3.68
7396.16 3.65
7544.62 3.65
7694.46 3.62
7844.84 3.61
7995.39 3.61
8147.11 3.58
8294.68 3.55
8444.28 3.53
8594.23 3.51
8745.82 3.49
8895.52 3.47
9044.14 3.47
9193.96 3.44
9345.84 3.45
9493.66 3.42
9643.61 3.40
9793.57 3.37
9944.03 3.36
10094 3.34
10244.6 3.34
10398.1 3.32
10544.8 3.33
10693.5 3.31
10844.2 3.31
10995.7 3.29
11143.7 3.29
11293.6 3.27
11443.3 3.27
11593 3.26
11743.1 3.25
11893.4 3.24
12045 3.23
12193 3.22
12342.7 3.22
12494.8 3.21
12643.9 3.21
12793.2 3.21
12943.4 3.20
13092.9 3.20
13243.8 3.19
13392.9 3.19
13543.1 3.19
13692.2 3.18
13842.2 3.18
13992.2 3.16
14144.9 3.16
14294.5 3.16
14442.4 3.15
14592.8 3.14
14742.4 3.14
14895 3.14
15042.7 3.14
15191.7 3.13
15342 3.12
15491.8 3.11
15642.9 3.11
15792 3.11
15941.9 3.11
16091.9 3.10
16242.1 3.10
16391.6 3.10
16542 3.09
16692.5 3.08
16842.7 3.08
16991.4 3.09
17141.8 3.08
17293.5 3.08
17445.7 3.09
17592.4 3.08
17741.6 3.08
17892.3 3.07
18040.9 3.06
18191.7 3.06
18340.9 3.05
18492.6 3.04
18640.9 3.04
18790.9 3.03
18944.6 3.03
19090.4 3.03
19241.4 3.02
19390.3 3.02
19540.6 3.02
19690.4 3.01
19841.9 3.01
19990.7 3.00
20141.8 3.01
20291.1 3.01
20440.6 3.01
20589.9 3.00
20739.9 3.00
20892.4 2.99
21041.8 2.99
21189.9 2.99
21340 2.99
21489.8 2.99
21642.4 2.99
21790.1 2.99
21939.9 2.98
22089.4 2.97
22239.4 2.97
22389.9 2.97
22539.7 2.97
22689.4 2.96
22840.4 2.96
22992.2 2.96
23150.3 2.96
23299.5 2.96
23452.7 2.96
23600.4 2.95
23750.1 2.96
23899.3 2.96
24049.3 2.96
24200.8 2.96
24350.7 2.96
24499.7 2.96
24649.8 2.96
24800.1 2.95
24949.3 2.95
25099 2.95
25249.8 2.95
25399 2.95
25550.9 2.95
25700 2.95
25848.8 2.95
25998.6 2.95
26148.7 2.95
26300.6 2.94
26451.4 2.94
26600.8 2.94
26748.8 2.94
26900.6 2.94
27048.4 2.94
27201.2 2.93
27348.1 2.94
27499.6 2.93
27648.9 2.93
27799.4 2.93
27948 2.93
28099.1 2.93
28252.2 2.93
28399.6 2.93
28548.6 2.93
28697.7 2.93
28847.6 2.93
28997.9 2.92
29151.3 2.92
29298.2 2.93
29449.2 2.93
29599 2.93
29748 2.93
29897.5 2.93
30048.3 2.94
30197.2 2.93
30348.1 2.93
30497.2 2.93
30647.2 2.93
30798.7 2.92
30947.5 2.92
31099.2 2.92
31248.3 2.92
31397.5 2.92
31547.1 2.92
31697.7 2.91
31847.4 2.91
31997.1 2.91
32146.7 2.91
32296.9 2.91
32446.6 2.91
32597.3 2.91
32749.5 2.91
32896.3 2.91
33046.7 2.91
33198.4 2.90
33346.9 2.90
33497.6 2.90
33648.5 2.90
33796.4 2.90
33947.4 2.90
34098.1 2.90
34245.8 2.90
34397.7 2.90
34548.1 2.90
34698.6 2.90
34849.2 2.90
34998 2.90
35146.3 2.90
35296.6 2.90
35449 2.90
35596.2 2.90
35745.3 2.90
35898.3 2.90
36045.6 2.90
36195.2 2.90
36346.1 2.90
36495.9 2.90
36645.7 2.90
36795.1 2.90
36944.9 2.90
37094.9 2.90
37244.8 2.90
37394.8 2.89
37544.9 2.90
37696 2.89
37846.2 2.89
37995.7 2.89
38145.4 2.89
38295 2.89
38444.8 2.89
38595.4 2.88
38744.4 2.89
38894.9 2.88
39046.2 2.88
39194.4 2.88
39344.5 2.88
39494.9 2.88
39644.9 2.88
39794.2 2.88
39944.2 2.88
40094.3 2.88
40245.4 2.88
40394.2 2.87
40544.2 2.88
40696.9 2.87
40844.4 2.88
40994.3 2.87
41143.5 2.88
41293.5 2.87
41443.7 2.87
41593.7 2.87
41743.5 2.87
41894.2 2.87
42043.3 2.88
42193.6 2.87
42344 2.87
42493 2.87
42643.5 2.87
42793.6 2.87
42942.9 2.87
43094.2 2.87
43245.6 2.87
43393 2.87
43542.9 2.87
43692.9 2.87
43843.7 2.87
43992.8 2.86
44142.7 2.86
44294.5 2.86
44442.8 2.86
44592.6 2.86
44742.8 2.86
44896.7 2.86
45043 2.86
45192.8 2.86
45342.1 2.86
45492.1 2.86
45642 2.86
45792.1 2.85
45942 2.85
46092.2 2.85
46243.1 2.86
46392.2 2.86
46541.7 2.86
46692.5 2.86
46841.6 2.85
46991.6 2.85
47142.7 2.85
47291.5 2.85
47443.6 2.85
47591.6 2.85
47741.5 2.85
47892.5 2.85
48042.7 2.85
48191.6 2.85
48341.9 2.85
48493.2 2.85
48642.1 2.85
48791.3 2.85
48942.7 2.85
49091.4 2.85
49242.8 2.84
49391.5 2.84
49540.7 2.84
49690.9 2.84
49840.9 2.84
49990.7 2.84
50141.4 2.84
50291.5 2.84
50441.1 2.84
50593.3 2.84
50741.8 2.84
50891.4 2.84
51040.7 2.84
51191.9 2.84
51340.1 2.84
51491.9 2.84
51641.2 2.84
51790.2 2.84
51942.3 2.84
52090 2.84
52240.6 2.84
52390.1 2.84
52541.1 2.84
52691.8 2.84
52840.2 2.84
52989.9 2.84
53141.7 2.84
53291.4 2.84
53440.2 2.84
53592.3 2.84
53739.4 2.84
53890.5 2.84
54042.4 2.84
54190.6 2.84
54341.6 2.84
54490 2.84
54639.5 2.84
54789.3 2.84
54938.9 2.84
55089.2 2.84
55241 2.84
55390 2.83
55539.7 2.83
55690.5 2.84
55838.7 2.84
55988.8 2.83
56138.7 2.84
56289.9 2.84
56438.8 2.84
56588.5 2.83
56738.8 2.83
56889.7 2.83
57039.4 2.84
57188.3 2.84
57338.6 2.84
57488.4 2.84
57638.1 2.84
57788.1 2.83
57937.9 2.83
58089.9 2.83
58238.3 2.83
58388.7 2.83
58539.1 2.83
58688.1 2.83
58839.9 2.83
58988.4 2.83
59137.5 2.83
59289.2 2.83
59438.2 2.83
59587.6 2.83
59738.1 2.83
59887.8 2.83
60038.2 2.83
60187.4 2.83
60338 2.83
60487.5 2.83
60638.8 2.83
60787 2.83
60940 2.82
61087.8 2.83
61237.4 2.82
61390.7 2.83
61536.8 2.83
61686.7 2.83
61838.2 2.82
61987.2 2.82
62137 2.82
62287.2 2.82
62437.2 2.82
62587.7 2.82
62737.3 2.82
62886.5 2.82
63036.5 2.83
63186.5 2.82
63336.1 2.82
63492.2 2.82
63636.9 2.82
63786.3 2.82
63936.1 2.82
64086.4 2.82
64236.4 2.82
64387 2.82
64535.7 2.82
64686.4 2.82
64836.6 2.82
64987.4 2.82
65136.3 2.82
65286.2 2.81
65435.8 2.81
65587.3 2.81
65735.9 2.82
65885.2 2.81
66035.2 2.81
66185.5 2.81
66335.3 2.81
66485.3 2.81
66635.7 2.81
66785.4 2.81
66935.1 2.81
67085 2.81
67235.3 2.81
67384.9 2.81
67536.8 2.81
67684.7 2.81
67837.1 2.81
67985.1 2.81
68135.6 2.81
68284.6 2.81
68435.6 2.81
68584.3 2.80
68734.7 2.80
68885.6 2.80
69034.6 2.80
69184.7 2.80
69334.9 2.80
69484.5 2.80
69634.3 2.80
69784.4 2.80
69933.9 2.80
70083.8 2.80
70234.4 2.80
70383.9 2.80
70535.1 2.80
70684.3 2.80
70834 2.80
70984.6 2.80
71134.1 2.80
71283.5 2.80
71433.4 2.80
71583.6 2.79
71733.3 2.79
71883.9 2.79
72034.5 2.79
72183.8 2.79
72333.2 2.79
72483.9 2.79
72636.6 2.79
72787.2 2.79
72934.1 2.79
73083.1 2.79
73233.6 2.79
73383.1 2.79
73533.7 2.79
73683.1 2.79
73832.9 2.79
73983.5 2.79
74132.6 2.79
74283.8 2.79
74432.8 2.79
74582.5 2.78
74732.6 2.78
74886.2 2.78
75032.5 2.78
75184.7 2.78
75332.7 2.79
75482.4 2.78
75632.8 2.78
75781.9 2.78
75932 2.78
76081.9 2.78
76232.7 2.78
76381.8 2.78
76531.9 2.78
76681.8 2.78
76833.6 2.78
76982.1 2.78
77131.9 2.78
77282.3 2.78
77431.4 2.78
77581.7 2.78
77734.1 2.78
77881.8 2.78
78032.1 2.78
78181.1 2.78
78331.1 2.78
78481 2.78
78631.1 2.78
78781.1 2.78
78931 2.78
79081.6 2.78
79233.7 2.78
79381.3 2.78
79532 2.78
79680.6 2.78
79830.9 2.78
79980.5 2.77
80130.5 2.77
80282.1 2.77
80430.6 2.77
80580.9 2.77
80731.1 2.77
80882.3 2.77
81030.4 2.78
81181 2.77
81330.2 2.77
81480 2.77
81631.3 2.77
81780.5 2.77
81930.8 2.77
82080.4 2.77
82230.2 2.77
82379.7 2.77
82530.1 2.77
82679.6 2.77
82842.2 2.77
82980.9 2.77
83129.5 2.77
83282.7 2.77
83429.6 2.77
83585.1 2.77
83729.7 2.77
83879.2 2.77
84029.2 2.77
84180.1 2.77
84333.2 2.77
84480.8 2.77
84629.3 2.77
84779.6 2.77
84930.7 2.77
85078.8 2.77
85230.9 2.77
85379.3 2.77
85528.7 2.77
85683.1 2.77
85830.9 2.77
85979.4 2.77
86129.3 2.77
86279.5 2.77
86428.4 2.77
86579.1 2.77
86731.5 2.77
86881.9 2.77
87029 2.77
87178.3 2.77
87328.1 2.77
87478.8 2.77
87628.4 2.77
87778.9 2.77
87928.7 2.77
88077.8 2.77
88229.9 2.77
88379.2 2.77
88528.5 2.77
88680.2 2.77
88827.8 2.77
88979 2.77
89127.9 2.78
89279.5 2.78
89429 2.77
89577.8 2.77
89729.2 2.77
89879 2.77
90031.1 2.78
90178.8 2.77
90328.3 2.78
90478.4 2.78
90626.9 2.78
90777.1 2.77
90926.9 2.77
91077.6 2.77
91227 2.77
91379.9 2.77
91528 2.77
91678.7 2.77
91828 2.77
91976.5 2.77
92126.5 2.77
92276.4 2.77
92426.4 2.77
92576.8 2.77
92727.8 2.77
92876.8 2.77
93027.4 2.77
93176.7 2.77
93326 2.77
93476.1 2.77
93626.5 2.77
93775.9 2.77
93926.1 2.77
94077.1 2.77
94228.2 2.77
94378.9 2.77
94528.2 2.77
94675.6 2.77
94826.8 2.77
94975.5 2.77
95129.5 2.77
95275.8 2.77
95425.4 2.77
95577.9 2.76
95726.5 2.77
95875.8 2.76
96025.8 2.76
96175.5 2.76
96325.1 2.76
96475.1 2.76
96628.9 2.76
96774.9 2.76
96929.8 2.76
97075.7 2.76
97226.3 2.76
97376.4 2.76
97524.6 2.76
97675.2 2.76
97826.7 2.76
97977.2 2.76
98125.4 2.76
98274.6 2.76
98426 2.76
98574.5 2.76
98724.3 2.76
98874.2 2.76
99026.2 2.76
99175.3 2.75
99325.7 2.75
99475.2 2.75
99625.1 2.75
99774.5 2.75
99928.2 2.75
100076 2.76
100224 2.75
100374 2.75
100524 2.75
100675 2.75
100824 2.75
100974 2.75
101124 2.75
101275 2.75
101424 2.75
101573 2.75
101723 2.75
101874 2.75
102023 2.75
102177 2.75
102324 2.75
102474 2.75
102624 2.75
102773 2.75
102923 2.75
103075 2.74
103223 2.74
103373 2.74
103523 2.74
103673 2.74
103823 2.74
103973 2.74
104124 2.74
104273 2.74
104423 2.74
104572 2.74
104723 2.74
104873 2.74
105023 2.74
105172 2.74
105323 2.74
105473 2.74
105624 2.74
105772 2.74
105923 2.74
106072 2.74
106223 2.74
106373 2.74
106522 2.74
106672 2.74
106822 2.74
106972 2.74
107123 2.74
107272 2.73
107421 2.73
107573 2.73
107722 2.73
107871 2.73
108021 2.73
108172 2.73
108322 2.73
108471 2.73
108621 2.73
108771 2.73
108921 2.73
109071 2.73
109221 2.73
109371 2.73
109550 2.73
109699 2.73
109850 2.73
109999 2.73
110150 2.73
110299 2.73
110449 2.73
110601 2.73
110750 2.73
110899 2.73
111049 2.73
111199 2.73
111348 2.73
111499 2.73
111650 2.73
111801 2.73
111948 2.73
112098 2.73
112249 2.73
112398 2.73
112548 2.73
112698 2.73
112848 2.73
112999 2.72
113148 2.72
113299 2.72
113449 2.72
113599 2.73
113748 2.73
113898 2.73
114048 2.73
114198 2.73
114347 2.73
114497 2.72
114648 2.72
114798 2.72
114948 2.72
115098 2.72
115248 2.72
115397 2.72
115547 2.72
115699 2.72
115849 2.72
116000 2.72
116148 2.72
116297 2.72
116447 2.72
116597 2.72
116747 2.72
116897 2.72
117046 2.72
117196 2.72
117351 2.72
117496 2.72
117647 2.72
117796 2.72
117949 2.72
118097 2.72
118247 2.72
118398 2.72
118547 2.72
118696 2.72
118847 2.72
118996 2.72
119146 2.72
119297 2.72
119446 2.72
119598 2.72
119745 2.72
119896 2.72
120045 2.72
120198 2.72
120346 2.72
120495 2.72
120645 2.72
120796 2.72
120945 2.72
121096 2.72
121246 2.72
121396 2.72
121545 2.72
121695 2.72
121847 2.72
121995 2.72
122145 2.72
122297 2.72
122445 2.72
122595 2.72
122744 2.72
122897 2.72
123044 2.72
123195 2.72
123346 2.72
123496 2.72
123644 2.72
123795 2.72
123944 2.72
124095 2.72
124245 2.72
124396 2.72
124544 2.72
124694 2.72
124845 2.72
124994 2.72
125145 2.72
125294 2.72
125444 2.72
125595 2.72
125745 2.72
125894 2.72
126045 2.72
126194 2.72
126343 2.72
126493 2.72
126644 2.72
126793 2.72
126943 2.72
127094 2.72
127243 2.72
127393 2.72
127546 2.72
127693 2.72
127843 2.72
127994 2.72
128144 2.72
128293 2.72
128445 2.72
128592 2.72
128743 2.72
128893 2.72
129043 2.72
129192 2.72
129342 2.71
129492 2.71
129644 2.71
129793 2.71
129943 2.71
130094 2.71
130242 2.71
130392 2.71
130542 2.71
130693 100.00
130842 100.00
130992 100.00
131143 100.00
131292 100.00
131443 100.00
131592 100.00
131742 100.00
131893 100.00
132042 100.00
132191 100.00
132342 100.00
132492 100.00
132645 100.00
132792 100.00
132941 100.00
133091 100.00
133241 100.00
133391 100.00
133542 100.00
133691 100.00
133841 100.00
133992 100.00
134141 100.00
134291 100.00
134441 98.25
134597 93.87
134740 91.18
134894 87.39
135041 85.03
135191 81.73
135340 79.67
135492 76.78
135640 75.00
135792 72.43
135941 70.86
136090 68.57
136241 67.13
136390 65.09
136541 63.80
136691 61.96
136843 60.80
136991 59.14
137140 58.09
137290 56.58
137440 55.62
137591 54.23
137740 53.33
137890 52.05
138040 51.25
138190 50.07
138339 49.33
138489 48.24
138640 47.56
138789 46.55
138940 45.91
139089 44.97
139240 44.39
139389 43.54
139541 42.99
139690 42.18
139840 41.67
139991 40.92
140139 40.44
140289 39.71
140440 39.25
140590 38.57
140739 38.15
140888 37.52
141040 37.12
141188 36.53
141340 36.16
141488 35.59
141639 35.23
141791 34.69
141938 34.35
142088 33.84
142239 33.52
142389 33.04
142538 32.73
142688 32.30
142838 32.01
142988 31.57
143138 31.28
143288 30.86
143438 30.60
143590 30.21
143739 29.97
143888 29.59
144037 29.36
144188 29.00
144337 28.76
144487 28.41
144637 28.18
144789 27.86
144938 27.64
145088 27.33
145237 27.12
145387 26.82
145538 26.63
145688 26.34
145838 26.15
145988 25.86
146137 25.68
146288 25.42
146438 25.24
146587 24.98
146737 24.82
146887 24.57
147037 24.41
147186 24.16
147337 24.00
147486 23.77
147636 23.63
147787 23.40
147936 23.26
148087 23.04
148240 22.91
148386 22.70
148536 22.56
148686 22.36
148837 22.23
148986 22.03
149136 21.91
149286 21.72
149438 21.60
149586 21.42
149737 21.31
149886 21.13
150035 21.01
150186 20.83
150335 20.73
150485 20.56
150635 20.45
150787 20.29
150935 20.19
151086 20.03
151236 19.93
151385 19.77
151535 19.67
151685 19.52
151835 19.43
151987 19.28
152137 19.19
152285 19.05
152435 18.96
152586 18.83
152734 18.74
152885 18.60
153036 18.51
153185 18.38
153335 18.29
153485 18.17
153637 18.09
153785 17.97
153935 17.89
154084 17.76
154234 17.69
154385 17.57
154534 17.49
154684 17.38
154834 17.30
154984 17.20
155134 17.13
155284 17.02
155434 16.94
155584 16.83
155734 16.77
155884 16.66
156034 16.59
156186 16.49
156333 16.43
156484 16.33
156635 16.27
156783 16.17
156933 16.10
157083 16.01
157235 15.95
157383 15.86
157533 15.80
157683 15.71
157834 15.66
157983 15.57
158133 15.51
158282 15.42
158433 15.37
158583 15.28
158736 15.23
158882 15.15
159033 15.10
159184 15.02
159333 14.97
159483 14.89
159633 14.84
159783 14.76
159932 14.71
160083 14.63
160233 14.59
160382 14.52
160534 14.47
160684 14.40
160832 14.35
160983 14.28
161133 14.23
161282 14.16
161432 14.12
161582 14.05
161733 14.00
161885 13.94
162032 13.90
162182 13.83
162332 13.79
162481 13.72
162632 13.68
162781 13.61
162931 13.57
163083 13.51
163232 13.47
163381 13.42
163533 13.38
163681 13.32
163833 13.28
163982 13.22
164133 13.18
164281 13.12
164432 13.08
164581 13.03
164732 12.99
164885 12.94
165031 12.90
165181 12.85
165334 12.81
165483 12.76
165631 12.73
165781 12.68
165932 12.64
166084 12.59
166230 12.56
166380 12.50
166530 12.47
166680 12.42
166832 12.39
166980 12.34
167131 12.30
167281 12.26
167430 12.23
167582 12.18
167729 12.15
167886 12.10
168030 12.07
168180 12.03
168330 12.00
168482 11.95
168629 11.92
168780 11.88
168929 11.86
169079 11.81
169231 11.78
169380 11.73
169529 11.71
169679 11.66
169831 11.64
169979 11.59
170131 11.57
170279 11.53
170429 11.50
170581 11.46
170729 11.44
170879 11.40
171029 11.37
171178 11.33
171330 11.30
171479 11.27
171628 11.24
171778 11.20
171928 11.18
172079 11.14
172228 11.12
172379 11.08
172528 11.06
172681 11.02
172828 10.99
172978 10.96
173127 10.94
173279 10.90
173429 10.87
173579 10.84
173729 10.82
173878 10.78
174027 10.76
174177 10.73
174328 10.71
174479 10.68
174627 10.66
174777 10.62
174928 10.60
175077 10.56
175227 10.54
175378 10.51
175527 10.49
175677 10.46
175828 10.44
175977 10.41
176127 10.39
176277 10.36
176427 10.34
176578 10.31
176729 10.29
176878 10.26
177027 10.24
177178 10.22
177326 10.20
177478 10.16
177627 10.15
177777 10.12
177928 10.10
178077 10.07
178227 10.05
178376 10.02
178527 10.01
178680 9.98
178826 9.96
178976 9.93
179126 9.91
179277 9.88
179426 9.86
179576 9.84
179729 9.82
179877 9.79
180025 9.78
180175 9.75
180326 9.73
180475 9.70
180625 9.69
180776 9.66
180926 9.64
181075 9.62
181226 9.60
181375 9.58
181525 9.56
181675 9.53
181827 9.52
181976 9.50
182125 9.48
182275 9.46
182425 9.44
182575 9.42
182725 9.40
182876 9.38
183026 9.36
183176 9.34
183328 9.32
183477 9.30
183624 9.28
183776 9.26
183925 9.25
184075 9.22
184225 9.21
184374 9.19
184524 9.17
184675 9.15
184826 9.14
184977 9.11
185124 9.10
185274 9.08
185425 9.07
185573 9.04
185723 9.03
185874 9.01
186025 8.99
186176 8.97
186324 8.96
186473 8.94
186624 8.93
186774 8.91
186923 8.89
187073 8.87
187223 8.86
187373 8.83
187524 8.82
187673 8.80
187824 8.79
187973 8.77
188124 8.76
188273 8.74
188422 8.73
188574 8.70
188724 8.69
188878 8.67
189023 8.66
189173 8.64
189324 8.63
189473 8.61
189622 8.60
189772 8.58
189922 8.57
190072 8.55
190224 8.54
190373 8.52
190524 8.51
190672 8.49
190822 8.48
190973 8.46
191122 8.45
191272 8.43
191426 8.42
191574 8.40
191721 8.39
191873 8.37
192022 8.36
192172 8.35
192321 8.34
192471 8.32
192621 8.31
192772 8.29
192922 8.28
193071 8.26
193222 8.25
193372 8.24
193521 8.23
193672 8.21
193821 8.20
193971 8.18
194121 8.17
194271 8.16
194421 8.15
194572 8.13
194721 8.12
194871 8.11
195021 8.10
195172 8.08
195320 8.07
195471 8.06
195624 8.05
195771 8.03
195949 8.02
196099 8.01
196248 8.00
196398 7.98
196548 7.97
196698 7.96
196849 7.95
196998 7.93
197150 7.92
197299 7.91
197449 7.90
197598 7.89
197748 7.88
197897 7.86
198048 7.85
198197 7.84
198349 7.83
198497 7.82
198648 7.81
198798 7.79
198947 7.79
199097 7.77
199247 7.77
199397 7.75
199547 7.74
199699 7.73
199847 7.72
199998 7.71
200150 7.70
200298 7.69
200447 7.68
200598 7.67
200747 7.66
200898 7.64
201047 7.63
201197 7.62
201347 7.61
201497 7.60
201646 7.59
201798 7.58
201947 7.57
202097 7.56
202246 7.55
202397 7.54
202547 7.53
202696 7.52
202846 7.51
202997 7.50
203146 7.49
203300 7.48
203446 7.47
203596 7.46
203747 7.45
203895 7.44
204045 7.43
204195 7.42
204346 7.41
204496 7.40
204648 7.39
204795 7.38
204947 7.37
205095 7.36
205245 7.35
205396 7.34
205549 7.34
205695 7.32
205846 7.32
205995 7.31
206145 7.30
206296 7.29
206445 7.28
206595 7.27
206745 7.26
206895 7.25
207045 7.24
207195 7.23
207345 7.22
207495 7.21
207646 7.21
207795 7.19
207948 7.19
208095 7.18
208245 7.17
208395 7.16
208549 7.15
208695 7.14
208844 7.14
208994 7.12
209144 7.12
209294 7.11
209445 7.10
209594 7.09
209744 7.08
209897 7.07
210043 7.06
210195 7.05
210344 7.05
210493 7.04
210644 7.03
210794 7.02
210945 7.01
211093 7.00
211248 7.00
211394 6.99
211544 6.98
211693 6.97
211843 6.96
211994 6.95
212145 6.95
212295 6.94
212445 6.94
212594 6.93
212743 6.92
212893 6.92
213042 6.91
213192 6.90
213342 6.89
213492 6.89
213674 6.88
214267 6.91
215256 6.97
215444 6.99
215517 7.00
215893 7.04
216541 7.07
216660 7.07
216818 7.08
216964 7.08
217138 7.09
217313 7.09
217395 7.10
217560 7.10
217993 7.12
218151 7.11
218294 7.11
218441 7.10
218591 7.09
218743 7.08
219043 7.06
219193 7.05
219381 7.05
219528 7.04
219659 7.03
219792 7.02
220093 7.01
220258 7.00
220587 7.00
220887 7.02
221090 7.03
221441 7.06
221590 7.06
221740 7.05
221890 7.04
222041 7.03
222191 7.02
222340 7.02
222489 7.01
222642 7.00
222791 6.99
222942 6.98
223093 6.97
223239 6.96
223390 6.95
223541 6.95
223691 6.94
223840 6.93
223997 6.92
224143 6.92
224289 6.91
224440 6.90
224591 6.89
224739 6.88
224891 6.87
225040 6.87
225191 6.86
225347 6.85
225490 6.84
225642 6.84
225790 6.83
225940 6.82
226091 6.81
226239 6.81
226389 6.80
226542 6.79
226688 6.78
226841 6.78
226995 6.77
227143 6.76
227294 6.75
227438 6.75
227593 6.74
227739 6.73
227890 6.72
228040 6.72
228196 6.71
228340 6.70
228488 6.69
228638 6.69
228792 6.68
