-1399.4 3.86
-937.45 5.78
-648.311 5.98
408.398 2.27
558.374 2.28
708.336 2.14
859.422 2.11
1009.16 2.02
1157.72 2.02
1307.68 1.94
1464.55 1.93
1611.87 1.91
1758.95 1.90
1907.43 1.88
2060.87 1.88
2206.84 1.85
2359.55 1.84
2507.88 1.81
2658.1 1.84
2807.19 1.82
2959.54 1.82
3107.99 1.81
3256.58 1.80
3406.57 1.78
3557.26 1.78
3706.22 1.77
3857.43 1.76
4008.57 1.76
4157.04 1.77
4307.33 1.76
4456.66 1.76
4608.9 1.75
4756.34 1.75
4906.18 1.75
5055.65 1.75
5206.56 1.74
5361.21 1.73
5506.15 1.74
5656.62 1.75
5808.33 1.74
5955.67 1.75
6106.76 1.74
6255.6 1.74
6407.44 1.73
6559.97 1.73
6706.62 1.73
6856.59 1.72
7005.56 1.73
7156.5 1.74
7305.6 1.74
7455.56 1.75
7606.65 1.74
7754.98 1.73
7904.95 1.73
8054.91 1.73
8206.5 1.72
8354.96 1.73
8506.18 1.74
8656.51 1.73
8805.99 1.73
8954.42 1.74
9105.91 1.73
9254.75 1.73
9405.96 1.73
9555.92 1.73
9706.01 1.73
9855.85 1.73
10004.4 1.73
10155.4 1.73
10304.3 1.73
10455.3 1.72
10604.8 1.72
10759 1.73
10909.1 1.73
11055.3 1.73
11206 1.73
11354.9 1.73
11503.6 1.73
11654.4 1.73
11805.5 1.72
11954.9 1.73
12103.9 1.72
12259.1 1.72
12403.7 1.72
12553.8 1.71
12704.3 1.72
12854.6 1.72
13003.7 1.72
13153.7 1.72
13305.5 1.71
13453.1 1.72
13603.2 1.72
13755.5 1.71
13906.4 1.71
14054.2 1.71
14202.5 1.71
14353.4 1.71
14502.8 1.70
14652.9 1.70
14805.5 1.70
14955.1 1.70
15103.4 1.70
15255.5 1.70
15403 1.70
15552.5 1.70
15702.4 1.69
15852.9 1.70
16004.2 1.69
16152.4 1.69
16304.2 1.68
16454.1 1.68
16605.7 1.68
16752.9 1.69
16902.1 1.69
17055.2 1.69
17202.2 1.68
17351.6 1.69
17501.7 1.69
17653.6 1.69
17802.3 1.68
17952.4 1.68
18101.7 1.68
18251.2 1.68
18403.9 1.68
18551.9 1.68
18701.3 1.68
18854.3 1.68
19003.7 1.67
19154.6 1.67
19306.9 1.68
19452.1 1.68
19602 1.68
19750.7 1.68
19901.5 1.67
20051.4 1.67
20203.2 1.67
20351.2 1.67
20501.8 1.67
20651 1.67
20801.1 1.66
20950.9 1.66
21100.2 1.66
21250.2 1.66
21401.8 1.65
21562.2 1.65
21714.8 1.66
21861.4 1.66
22012.1 1.66
22160.9 1.66
22310.3 1.66
22465 1.66
22610.2 1.66
22760.3 1.66
22910.3 1.65
23061.5 1.65
23211.4 1.65
23363.6 1.65
23510.9 1.65
23661.1 1.65
23809.8 1.65
23962.3 1.65
24112.3 1.65
24261.9 1.65
24412.2 1.65
24562.3 1.65
24712.3 1.65
24861.8 1.65
25010 1.65
25161.7 1.66
25311.5 1.66
25460.5 1.66
25615.1 1.66
25759.4 1.66
25910.2 1.66
26061.3 1.66
26209.8 1.66
26367.3 1.66
26509.4 1.67
26660.5 1.67
26809.8 1.67
26961 1.67
27110.9 1.67
27260 1.67
27411.7 1.67
27562.5 1.67
27709.7 1.67
27858.7 1.67
28009.8 1.67
28158.5 1.67
28312.6 1.67
28460 1.68
28609.7 1.67
28761.6 1.67
28909.3 1.68
29060.3 1.68
29212.2 1.68
29359.7 1.68
29508.5 1.68
29658.1 1.68
29808.9 1.68
29960.2 1.68
30109.8 1.68
30258.6 1.68
30412.3 1.68
30562.7 1.68
30708.1 1.68
30857.6 1.69
31009.2 1.69
31158.5 1.69
31308.8 1.69
31458 1.69
31610.9 1.69
31760 1.69
31907.7 1.69
32057.7 1.69
32211.3 1.69
32358.3 1.70
32509 1.70
32659.9 1.70
32807.7 1.70
32958.3 1.70
33108 1.70
33260.2 1.71
33406.8 1.71
33557.3 1.71
33710.8 1.71
33858.8 1.71
34007.3 1.71
34157.3 1.72
34307.4 1.72
34457.2 1.72
34610.1 1.72
34757.9 1.73
34909.5 1.73
35056.2 1.73
35206.8 1.73
35357.9 1.73
35506.2 1.73
35656.7 1.73
35807.9 1.73
35957.2 1.73
36106.3 1.73
36257.8 1.73
36411.6 1.73
36556.2 1.73
36707 1.73
36857.6 1.73
37012.6 1.73
37157 1.74
37306.6 1.74
37455.3 1.74
37606.7 1.74
37760.6 1.74
37907.6 1.74
38055.4 1.74
38208.3 1.74
38357.1 1.74
38505.5 1.75
38655.2 1.74
38805.8 1.75
38955.5 1.75
39112.8 1.75
39256.3 1.75
39407 1.75
39556.6 1.75
39707.5 1.75
39855 1.75
40004.8 1.75
40156.6 1.75
40305.3 1.75
40454.7 1.75
40604.3 1.76
40757.8 1.76
40904.6 1.76
41055 1.76
41205.3 1.76
41355.3 1.76
41504 1.76
41656.4 1.76
41807.6 1.76
41958.6 1.76
42104.2 1.76
42254.7 1.76
42409.3 1.76
42555.7 1.76
42705.9 1.76
42854 1.76
43005.7 1.76
43154.2 1.76
43303.5 1.76
43455 1.76
43605.1 1.76
43755.4 1.76
43905.3 1.76
44053.1 1.76
44203.9 1.76
44353.4 1.76
44512.6 1.76
44654.5 1.77
44804.1 1.77
44953.8 1.77
45106.6 1.77
45253.4 1.77
45403.9 1.77
45553.4 1.77
45703.8 1.77
45855.6 1.77
46004.5 1.77
46154.6 1.77
46302.8 1.77
46452.8 1.77
46602.9 1.77
46753.7 1.77
46902.2 1.77
47052.8 1.77
47203.3 1.77
47354.2 1.77
47503.5 1.77
47654 1.77
47803 1.77
47953.3 1.77
48103.9 1.77
48251.7 1.77
48402.2 1.77
48552.4 1.77
48701.6 1.77
48853.2 1.77
49001.9 1.77
49154.7 1.77
49303.1 1.77
49453.8 1.77
49602.5 1.77
49753.5 1.77
49902.1 1.77
50051.2 1.77
50202.5 1.77
50354.2 1.77
50501.6 1.77
50653.5 1.77
50801.2 1.77
50951.7 1.77
51102 1.77
51254.6 1.77
51400.7 1.77
51552.5 1.77
51701.2 1.77
51852.3 1.78
52001.8 1.77
52150.8 1.77
52301.3 1.77
52452.4 1.77
52600.3 1.77
52750.9 1.77
52900.8 1.77
53050.4 1.77
53200.3 1.78
53350.2 1.77
53500.4 1.77
53649.9 1.77
53800.9 1.77
53949.9 1.77
54099.6 1.77
54251 1.77
54401 1.77
54551 1.77
54699.8 1.77
54851.3 1.77
55002.4 1.77
55149.8 1.77
55300.1 1.77
55450 1.77
55603.2 1.77
55750.1 1.77
55899.3 1.77
56049.5 1.77
56202.5 1.77
56349.1 1.77
56499.4 1.77
56650.2 1.77
56799.1 1.77
56951.1 1.77
57099.6 1.77
57254 1.77
57399.5 1.77
57549.3 1.77
57698.4 1.77
57848.4 1.77
57998.4 1.77
58150.2 1.77
58298.9 1.77
58451.2 1.77
58599 1.77
58754.5 1.77
58899.2 1.77
59048.4 1.77
59198.9 1.77
59348.1 1.77
59500 1.77
59651.8 1.77
59798.2 1.77
59949.7 1.78
60098.4 1.78
60248.9 1.78
60398.9 1.78
60548 1.78
60700.2 1.78
60847.7 1.78
60998.9 1.78
61147.6 1.78
61300.7 1.78
61449 1.78
61597.7 1.78
61752.3 1.78
61897.6 1.78
62047.7 1.78
62197.2 1.78
62347.8 1.78
62500.1 1.79
62648.4 1.79
62799.1 1.79
62947.1 1.79
63096.8 1.79
63247 1.79
63396.6 1.79
63548.5 1.79
63697.3 1.79
63849.7 1.79
63997 1.79
64149.8 1.79
64297 1.79
64448.5 1.79
64596.5 1.79
64746.3 1.79
64896.4 1.79
65047 1.79
65200.7 1.79
65346.7 1.79
65496.1 1.79
65646.2 1.79
65796.7 1.79
65947.8 1.79
66098.7 1.79
66246.1 1.79
66398.2 1.79
66547 1.79
66698.6 1.79
66848.2 1.79
66996 1.79
67146.4 1.79
67298.1 1.79
67447.3 1.79
67597.5 1.79
67748.1 1.79
67896 1.79
68046.5 1.79
68196.4 1.79
68346.6 1.79
68497 1.79
68649.2 1.79
68795.4 1.79
68944.8 1.79
69096.4 1.79
69245.8 1.79
69395.7 1.79
69546.3 1.79
69696.8 1.79
69844.4 1.79
69994.9 1.79
70146.2 1.79
70297.3 1.79
70444.5 1.79
70595 1.79
70746.1 1.79
70896.8 1.79
71044.5 1.79
71194.2 1.79
71344.7 1.79
71496.1 1.79
71646.2 1.79
71796.7 1.79
71947.5 1.79
72094.3 1.79
72246.7 1.79
72394.4 1.79
72544.4 1.79
72693.7 1.79
72846.1 1.79
72993.8 1.79
73147.6 1.79
73295.4 1.79
73443.8 1.79
73594.5 1.79
73746.6 1.79
73893.7 1.79
74044 1.79
74193.4 1.79
74343.7 1.79
74494.5 1.79
74644.5 1.79
74793.7 1.79
74943.8 1.79
75094.8 1.79
75243 1.79
75394.6 1.79
75548.2 1.79
75693.6 1.79
75843.7 1.79
75993.3 1.79
76143.5 1.79
76297.6 1.79
76443.1 1.79
76595.1 1.79
76742.5 1.79
76893.6 1.79
77042.9 1.79
77196.5 1.79
77342.3 1.79
77494.1 1.79
77643.5 1.79
77794.8 1.79
77942.7 1.79
78092 1.79
78243.5 1.79
78391.8 1.79
78545.8 1.79
78693.1 1.79
78843.6 1.79
78992.5 1.79
79142.4 1.79
79292.4 1.79
79442.4 1.79
79591.8 1.79
79741.6 1.79
79894.6 1.79
80044.1 1.79
80198.6 1.79
80346.2 1.79
80510 1.79
80641.2 1.79
80791.6 1.79
80942.7 1.79
81092.6 1.79
81240.6 1.79
81391.2 1.79
81541.8 1.79
81692.6 1.79
81840.8 1.79
81990.6 1.79
82140.3 1.79
82290.5 1.79
82440.4 1.79
82591.1 1.79
82740.2 1.79
82891.1 1.79
83042.7 1.79
83191.6 1.79
83342 1.79
83490.9 1.79
83641.3 1.79
83792.9 1.79
83946.4 1.79
84090.2 1.79
84239.8 1.79
84393.4 1.79
84540.3 1.79
84692.7 1.79
84841.5 1.79
84989.7 1.79
85144 1.79
85289.3 1.79
85441.5 1.79
85591.3 1.79
85739.3 1.79
85889.6 1.79
86040.1 1.79
86189.2 1.79
86340.4 1.79
86489.4 1.79
86639.4 1.79
86790.1 1.79
86939.5 1.79
87096.9 1.79
87241.5 1.79
87390.9 1.79
87539.7 1.79
87688.5 1.79
87839 1.79
87991.4 1.79
88138.7 1.79
88291.9 1.79
88439.6 1.79
88591.3 1.79
88740.6 1.79
88888 1.79
89038 1.79
89188 1.79
89339.1 1.78
89488.4 1.78
89639 1.78
89792.3 1.78
89937.9 1.78
90089 1.78
90238.6 1.78
90390.3 1.78
90537.9 1.78
90689.9 1.78
90838.9 1.78
90987.9 1.78
91139.7 1.78
91287.3 1.78
91439 1.78
91587.1 1.78
91737.1 1.78
91888.6 1.78
92037.1 1.78
92189.4 1.78
92338.2 1.78
92487.7 1.78
92637.9 1.77
92788.7 1.77
92937.7 1.78
93086.9 1.78
93237.7 1.78
93387.1 1.77
93536.7 1.77
93689 1.77
93837.6 1.78
93987 1.77
94139.6 1.78
94287.3 1.77
94437.1 1.77
94588.8 1.77
94737 1.77
94888.3 1.77
95036.2 1.77
95186.5 1.77
95337.7 1.77
95489.3 1.77
95636.5 1.77
95786.5 1.77
95937.9 1.77
96086.5 1.77
96238.8 1.77
96386.3 1.77
96538 1.77
96685.8 1.77
96836.6 1.77
96986.9 1.77
97135.5 1.77
97287.6 1.77
97436.6 1.77
97586 1.77
97738.4 1.78
97892.9 1.78
98047.1 1.78
98208.5 1.78
98336.5 1.78
98488.1 1.78
98636.4 1.78
98785.3 1.78
98936.3 1.78
99085.3 1.78
99235.8 1.78
99385.5 1.77
99535.2 1.77
99687.5 1.77
99837 1.77
99988.1 1.77
100135 1.78
100287 1.78
100435 1.78
100585 1.78
100736 1.77
100886 1.77
101038 1.77
101187 1.77
101335 1.77
101484 1.77
101635 1.77
101785 1.77
101939 1.77
102086 1.77
102235 1.77
102389 1.77
102534 1.77
102686 1.77
102835 1.77
102984 1.77
103134 1.77
103286 1.77
103434 1.77
103584 1.77
103734 1.77
103884 1.77
104034 1.77
104186 1.77
104336 1.77
104484 1.77
104634 1.77
104784 1.77
104933 1.77
105084 1.77
105234 1.77
105386 1.77
105535 1.77
105687 1.77
105834 1.77
105984 1.77
106133 1.77
106283 1.77
106433 1.77
106582 1.77
106736 1.77
106884 1.77
107034 1.77
107183 1.77
107334 1.77
107483 1.77
107633 1.77
107783 1.77
107960 1.77
108112 1.77
108260 1.77
108413 1.77
108562 1.77
108710 1.77
108863 1.77
109011 1.77
109160 1.77
109309 1.77
109459 1.77
109613 1.77
109761 1.77
109910 1.77
110060 1.77
110210 1.77
110361 1.77
110513 1.77
110664 1.77
110809 1.77
110959 1.77
111110 1.77
111260 1.77
111412 1.77
111559 1.77
111709 1.77
111859 1.77
112010 1.77
112159 1.77
112309 1.77
112459 1.77
112609 1.77
112759 1.77
112908 1.77
113060 1.77
113215 1.76
113360 1.77
113510 1.76
113659 1.76
113808 1.76
113958 1.76
114109 1.76
114259 1.76
114409 1.76
114559 1.76
114709 1.76
114859 1.76
115009 1.76
115159 1.76
115308 1.76
115462 1.76
115609 1.76
115759 1.76
115910 1.76
116060 1.76
116208 1.76
116360 1.76
116508 1.76
116658 1.76
116807 1.76
116957 1.76
117108 1.76
117259 1.76
117407 1.76
117559 1.76
117707 1.76
117859 1.76
118009 1.76
118160 1.76
118307 1.76
118457 1.76
118607 1.76
118759 1.76
118906 1.76
119057 1.76
119207 1.76
119358 1.76
119509 1.76
119657 1.76
119809 1.76
119956 1.76
120106 1.76
120256 1.76
120407 1.76
120556 1.76
120706 1.76
120856 1.76
121009 1.76
121158 1.76
121306 1.76
121457 1.76
121606 1.75
121755 1.75
121909 1.75
122056 1.75
122206 1.75
122358 1.75
122506 1.75
122658 1.75
122806 1.75
122956 1.75
123105 1.75
123255 1.75
123405 1.75
123558 1.75
123705 1.75
123856 1.75
124008 1.75
124155 1.75
124305 1.75
124454 1.75
124607 1.75
124757 1.75
124904 1.75
125056 1.75
125206 1.75
125355 1.75
125504 1.75
125654 1.75
125805 1.75
125954 1.75
126105 1.75
126254 1.75
126405 1.74
126555 1.74
126704 1.74
126854 1.74
127005 1.74
127154 1.74
127304 1.74
127455 1.74
127604 1.74
127756 1.74
127904 1.74
128055 1.74
128204 1.74
128353 1.74
128505 1.74
128653 1.75
128804 1.74
128953 1.74
129103 1.74
129256 1.74
129406 1.74
129553 1.74
129704 1.75
129853 1.74
130003 1.74
130155 1.74
130303 1.74
130455 1.74
130604 1.74
130754 1.74
130903 1.74
131056 1.74
131203 100.00
131352 100.00
131503 100.00
131656 100.00
131804 100.00
131953 100.00
132107 100.00
132254 100.00
132403 100.00
132552 100.00
132705 100.00
132852 100.00
133002 100.00
133152 100.00
133304 100.00
133452 97.70
133603 90.98
133752 87.00
133901 81.64
134052 78.44
134205 74.09
134351 71.48
134502 67.84
134651 65.64
134802 62.58
134951 60.71
135103 58.09
135252 56.48
135402 54.22
135551 52.80
135704 50.83
135851 49.62
136003 47.88
136152 46.80
136301 45.25
136451 44.30
136601 42.91
136754 42.05
136901 40.81
137053 40.03
137201 38.92
137351 38.21
137501 37.21
137651 36.57
137801 35.64
137950 35.06
138101 34.20
138250 33.66
138400 32.88
138551 32.37
138704 31.65
138851 31.19
139001 30.52
139151 30.10
139301 29.48
139450 29.08
139599 28.51
139750 28.14
139901 27.60
140050 27.25
140203 26.75
140350 26.43
140501 25.96
140651 25.67
140800 25.22
140949 24.94
141099 24.52
141251 24.25
141401 23.86
141553 23.61
141699 23.23
141849 23.00
142000 22.64
142149 22.42
142304 22.08
142449 21.87
142600 21.55
142750 21.34
142900 21.04
143050 20.85
143199 20.57
143348 20.38
143498 20.11
143651 19.93
143798 19.67
143950 19.51
144101 19.26
144249 19.10
144398 18.86
144551 18.71
144699 18.49
144848 18.34
144999 18.13
145151 17.99
145298 17.78
145449 17.64
145598 17.44
145748 17.32
145900 17.12
146048 17.01
146197 16.82
146349 16.70
146499 16.52
146650 16.41
146797 16.24
146949 16.13
147102 15.97
147250 15.87
147397 15.71
147547 15.61
147699 15.45
147850 15.36
148001 15.21
148147 15.11
148301 14.98
148449 14.88
148598 14.75
148746 14.66
148896 14.52
149046 14.44
149196 14.31
149346 14.23
149497 14.10
149647 14.02
149798 13.90
149947 13.83
150096 13.71
150246 13.63
150397 13.52
150548 13.45
150697 13.34
150849 13.27
150997 13.16
151146 13.10
151297 13.00
151446 12.93
151596 12.83
151746 12.76
151899 12.67
152045 12.60
152198 12.51
152346 12.45
152496 12.36
152650 12.29
152798 12.20
152946 12.15
153095 12.06
153245 12.00
153395 11.92
153547 11.86
153697 11.78
153845 11.72
153995 11.65
154144 11.59
154295 11.51
154447 11.46
154596 11.39
154745 11.34
154895 11.26
155046 11.21
155195 11.14
155345 11.09
155495 11.02
155645 10.97
155794 10.90
155944 10.86
156095 10.79
156244 10.75
156396 10.68
156544 10.63
156695 10.57
156844 10.52
156994 10.46
157148 10.42
157294 10.36
157445 10.32
157594 10.26
157746 10.22
157894 10.16
158044 10.12
158194 10.06
158343 10.03
158494 9.97
158644 9.93
158794 9.87
158943 9.84
159093 9.78
159245 9.75
159393 9.69
159545 9.66
159693 9.61
159843 9.57
159992 9.52
160143 9.48
160293 9.43
160443 9.40
160594 9.35
160745 9.32
160893 9.27
161042 9.24
161193 9.20
161342 9.17
161493 9.12
161642 9.09
161793 9.04
161942 9.02
162094 8.97
162242 8.94
162392 8.90
162542 8.87
162694 8.83
162844 8.81
162994 8.76
163142 8.74
163296 8.70
163442 8.67
163593 8.63
163742 8.61
163893 8.57
164042 8.55
164193 8.51
164344 8.48
164492 8.45
164642 8.43
164792 8.39
164942 8.37
165092 8.33
165241 8.31
165392 8.27
165543 8.25
165692 8.22
165842 8.20
165992 8.16
166142 8.14
166293 8.10
166441 8.08
166592 8.05
166740 8.03
166893 8.00
167041 7.98
167192 7.95
167341 7.93
167491 7.89
167641 7.88
167790 7.84
167940 7.82
168091 7.79
168240 7.77
168392 7.74
168544 7.73
168691 7.70
168841 7.68
168992 7.65
169141 7.63
169290 7.60
169443 7.58
169591 7.56
169740 7.54
169890 7.51
170040 7.50
170191 7.47
170342 7.45
170489 7.42
170641 7.41
170790 7.38
170940 7.36
171091 7.34
171239 7.32
171391 7.29
171541 7.28
171693 7.25
171839 7.24
171990 7.21
172142 7.19
172290 7.17
172441 7.16
172592 7.13
172739 7.12
172889 7.09
173039 7.08
173189 7.06
173338 7.04
173489 7.02
173641 7.01
173788 6.99
173939 6.97
174090 6.95
174239 6.93
174390 6.91
174539 6.90
174689 6.88
174838 6.86
174988 6.84
175139 6.83
175291 6.81
175439 6.80
175588 6.78
175738 6.76
175891 6.74
176038 6.73
176187 6.71
176337 6.69
176488 6.67
176640 6.66
176787 6.64
176938 6.63
177088 6.61
177240 6.60
177387 6.58
177539 6.56
177690 6.54
177837 6.53
177988 6.51
178137 6.50
178290 6.48
178437 6.47
178586 6.45
178737 6.44
178886 6.42
179037 6.41
179188 6.39
179337 6.38
179487 6.36
179638 6.35
179787 6.33
179938 6.32
180086 6.30
180237 6.29
180386 6.27
180537 6.26
180686 6.24
180836 6.23
180987 6.22
181136 6.21
181286 6.19
181437 6.18
181588 6.16
181736 6.15
181887 6.14
182038 6.13
182186 6.11
182338 6.10
182487 6.09
182637 6.08
182786 6.06
182935 6.05
183087 6.03
183235 6.02
183385 6.01
183536 6.00
183686 5.98
183837 5.98
183985 5.96
184136 5.95
184285 5.94
184436 5.93
184584 5.91
184736 5.90
184885 5.89
185034 5.88
185184 5.86
185334 5.86
185484 5.84
185637 5.83
185786 5.82
185934 5.81
186084 5.79
186236 5.79
186385 5.77
186535 5.76
186685 5.75
186834 5.74
186984 5.72
187134 5.72
187284 5.70
187434 5.69
187584 5.68
187734 5.67
187884 5.66
188034 5.65
188183 5.64
188333 5.63
188485 5.62
188634 5.61
188784 5.60
188939 5.59
189087 5.58
189233 5.57
189387 5.56
189533 5.55
189684 5.54
189834 5.53
189984 5.52
190133 5.51
190284 5.50
190434 5.49
190584 5.48
190734 5.47
190883 5.46
191032 5.45
191185 5.44
191338 5.43
191482 5.42
191634 5.41
191783 5.40
191934 5.39
192083 5.38
192232 5.37
192382 5.36
192534 5.35
192683 5.34
192835 5.34
192982 5.33
193135 5.32
193282 5.31
193432 5.30
193584 5.29
193732 5.28
193882 5.27
194031 5.26
194182 5.25
194361 5.25
194510 5.24
194659 5.23
194810 5.22
194959 5.22
195110 5.21
195259 5.20
195410 5.19
195561 5.18
195710 5.17
195861 5.17
196009 5.16
196159 5.15
196309 5.14
196461 5.14
196609 5.13
196760 5.12
196909 5.11
197059 5.10
197208 5.09
197359 5.09
197510 5.08
197660 5.08
197810 5.07
197961 5.06
198109 5.05
198259 5.05
198409 5.04
198560 5.03
198710 5.03
198863 5.02
199008 5.01
199158 5.01
199310 5.00
199460 4.99
199609 4.98
199760 4.98
199909 4.97
200060 4.96
200209 4.96
200360 4.95
200508 4.94
200660 4.94
200809 4.93
200958 4.92
201108 4.92
201258 4.91
201409 4.90
201560 4.90
201709 4.89
201857 4.88
202009 4.88
202159 4.87
202307 4.86
202457 4.86
202607 4.85
202758 4.84
202907 4.84
203059 4.83
203207 4.83
203358 4.82
203507 4.81
203658 4.81
203809 4.80
203957 4.80
204108 4.79
204257 4.78
204408 4.78
204558 4.77
204709 4.76
204858 4.76
205006 4.75
205156 4.75
205307 4.74
205457 4.73
205606 4.73
205757 4.72
205906 4.71
206056 4.71
206206 4.70
206356 4.70
206506 4.69
206658 4.69
206807 4.68
206957 4.67
207106 4.67
207256 4.66
207406 4.66
207560 4.65
207705 4.64
207858 4.64
208006 4.63
208156 4.63
208307 4.62
208456 4.62
208605 4.61
208755 4.61
208905 4.60
209057 4.59
209209 4.59
209356 4.58
209506 4.58
209657 4.57
209806 4.57
209955 4.56
210105 4.55
210258 4.55
210436 4.55
210596 4.54
210714 4.54
210864 4.54
211040 4.53
211168 4.53
211473 4.52
211611 4.52
211754 4.52
211946 4.51
212058 4.51
212204 4.51
212355 4.50
212506 4.50
212654 4.50
212803 4.49
212953 4.49
213103 4.48
213257 4.48
213409 4.48
213555 4.47
213704 4.47
213860 4.47
214005 4.46
214161 4.46
214304 4.45
215436 4.50
216027 4.57
216173 4.59
216331 4.59
216487 4.59
216650 4.59
216816 4.58
216975 4.58
217141 4.58
217434 4.57
217584 4.57
218088 4.56
218210 4.56
218511 4.56
218639 4.56
219309 4.58
220186 4.62
220281 4.64
220419 4.65
220576 4.65
220738 4.64
220824 4.64
220902 4.65
221053 4.64
221204 4.64
221351 4.64
221503 4.64
221652 4.64
221801 4.64
221952 4.64
222103 4.64
222250 4.63
222406 4.63
222550 4.63
222703 4.63
222851 4.63
223001 4.63
223154 4.63
223302 4.62
223450 4.62
223600 4.62
223750 4.62
223900 4.62
224053 4.62
224202 4.61
224350 4.61
224500 4.61
224649 4.61
224800 4.61
224949 4.61
225102 4.60
225250 4.60
225401 4.60
225549 4.60
225699 4.59
225850 4.59
226000 4.59
226150 4.59
226300 4.59
226450 4.59
226639 4.59
226750 4.59
226901 4.58
227049 4.58
227203 4.58
