155.306 47.71
307.204 88.4748
459.424 114.121
605.369 139.114
757.748 155.035
942.766 181.577
1055.11 187.387
2788.58 356.38
2854.3 376.767
3004.01 392.925
3153.97 406.862
3303.81 420.244
3454.09 428.998
3603.73 441.097
3753.69 448.19
3903.66 459.07
4054.52 467.08
4203.59 479.209
4353.54 483.243
4503.39 494.472
4653.23 499.757
4803.2 510.1
4953.16 517.11
5103.12 526.642
5253.08 535.815
5403.04 544.627
5553.01 549.748
5702.97 561.172
5852.94 568.906
6002.76 576.265
6152.73 583.279
6302.72 593.716
6452.66 603.969
6602.63 610.083
6752.59 619.888
6902.56 629.514
7052.52 634.727
7202.51 648.226
7352.32 652.886
7502.28 661.701
7652.24 670.337
7802.21 683.473
7952.19 687.07
8102.14 700.025
8252.1 708.03
8402.06 715.856
8552.03 718.37
8701.87 730.957
8851.83 738.242
9001.79 750.75
9151.75 757.765
9301.73 764.602
9451.69 776.929
9601.65 783.495
9751.62 789.881
9901.5 802.022
10051.7 808.16
10201.4 820.19
10351.3 826.037
10501.3 831.703
10651.3 837.189
10801.2 848.977
10951.2 854.193
11101.2 865.891
11251 870.827
11401 882.434
11550.9 887.111
11700.9 891.607
11850.9 895.926
12000.8 907.261
12150.8 911.308
12300.7 922.555
12450.7 926.332
12600.5 937.481
12750.5 940.987
12900.5 952.054
13050.5 955.299
13200.4 966.27
13350.4 969.237
13500.3 980.124
13650.4 982.828
13800.2 993.617
13950.1 996.036
14100 1006.74
14250.1 1008.91
14400 1019.52
14549.9 1021.41
14699.9 1031.93
14850.2 1033.58
15000 1044
15149.9 1045.34
15299.7 1055.68
15449.8 1066.04
15599.7 1067.02
15749.5 1077.27
15899.6 1087.53
16049.6 1088.16
16199.5 1098.33
16349.5 1098.69
16499.5 1108.77
16649.3 1108.84
16799.3 1118.83
16949.2 1128.82
17099.2 1128.55
17249.2 1138.44
17399.1 1148.34
17549.1 1147.71
17699.1 1157.52
17849 1167.33
17998.8 1177.12
18148.8 1176.04
18298.8 1185.76
18448.7 1195.48
18598.7 1205.2
18748.7 1203.66
18898.6 1213.29
19048.6 1222.92
19198.4 1221.02
19348.4 1230.56
19498.3 1240.09
19651.1 1249.81
19798.3 1259.17
19948.3 1256.74
20098.2 1266.19
20248.2 1275.64
20398.1 1285.08
20548 1282.19
20697.9 1291.55
20847.9 1300.91
20997.9 1310.27
21147.8 1319.63
21297.8 1316.2
21447.8 1325.47
21597.7 1334.74
21748.1 1344.03
21897.5 1353.27
22047.5 1362.54
22197.5 1358.48
22347.4 1367.66
22497.4 1376.84
22647.3 1386.02
22797.3 1395.19
22947.3 1404.37
23097.6 1399.71
23247.1 1408.77
23397 1417.86
23547 1426.95
23697 1436.04
23846.9 1445.12
23996.9 1454.21
24146.8 1448.81
24296.8 1457.81
24446.8 1466.81
24596.6 1475.8
24746.8 1484.81
24896.5 1493.79
25046.5 1502.79
25196.5 1511.79
25346.4 1505.58
25496.4 1514.49
25646.7 1523.42
25796.3 1532.3
25946.2 1541.2
26096.1 1550.11
26246.1 1559.02
26396 1567.93
26546 1560.91
26696 1569.72
26846 1578.54
26995.9 1587.36
27145.9 1596.18
27296.5 1605.03
27445.7 1613.81
27595.6 1622.62
27745.6 1631.44
27895.6 1640.26
28045.5 1632.25
28195.5 1640.98
28345.5 1649.71
28495.4 1658.43
28645.3 1667.15
28795.2 1675.88
28945.2 1684.61
29095.1 1693.34
29245.1 1702.07
29395.1 1710.79
29545.4 1701.81
29695 1710.43
29844.8 1719.06
29994.8 1727.7
30144.8 1736.34
30294.7 1744.98
30444.7 1753.61
30594.6 1762.25
30772.9 1772.52
30922.8 1781.15
31072.7 1789.79
31222.6 1779.69
31372.6 1788.24
31522.5 1796.78
31672.4 1805.33
31822.4 1813.88
31972.4 1822.43
32122.6 1830.99
32272.3 1839.52
32422.3 1848.07
32572.2 1856.62
32722.1 1865.16
32872 1873.71
33022 1882.25
33172 1890.8
33321.9 1899.35
33471.9 1907.9
33621.9 1916.45
33771.9 1904.74
33921.7 1913.18
34071.6 1921.64
34221.6 1930.1
34371.5 1938.55
34521.5 1947.01
34671.5 1955.47
34821.4 1963.93
34971.4 1972.39
35121.6 1980.86
35271.2 1989.3
35421.2 1997.75
35571.1 2006.21
35721.1 2014.67
35871 2023.13
36021.4 2031.6
36171 2018.34
36320.9 2026.71
36470.9 2035.08
36620.7 2043.44
36770.7 2051.81
36920.7 2060.17
37070.9 2068.55
37220.6 2076.91
37370.6 2085.28
37520.5 2093.65
37670.5 2102.01
37820.4 2110.38
37970.3 2118.74
38120.3 2127.11
38270.2 2135.48
38420.2 2143.85
38570.1 2152.21
38720.1 2160.58
38870.1 2168.95
39020 2177.32
39169.9 2185.68
39319.8 2194.05
39469.8 2202.42
39619.8 2210.78
39769.7 2195.29
39919.7 2203.57
40069.7 2211.85
40219.6 2220.12
40369.6 2228.4
40519.4 2236.67
40669.4 2244.95
40819.3 2253.23
40969.3 2261.51
41119.3 2269.78
41269.2 2278.06
41419.2 2286.34
41569.2 2294.62
41719.1 2302.9
41869 2311.17
42018.9 2319.45
42168.9 2327.72
42318.9 2336
42468.8 2344.28
42618.8 2352.56
42768.7 2360.83
42918.7 2369.11
43068.7 2377.39
43218.5 2385.66
43368.5 2393.94
43518.4 2402.22
43668.4 2410.5
43818.4 2418.77
43968.3 2427.05
44118.3 2435.33
44268.3 2443.61
44418.2 2451.89
44568.1 2460.16
44718 2468.43
44868 2476.71
45018 2484.99
45167.9 2493.27
45317.9 2501.55
45467.8 2509.82
45617.8 2518.1
45767.8 2526.38
45917.6 2534.65
46067.6 2542.93
46217.5 2551.21
46367.5 2531.67
46517.5 2539.85
46667.4 2548.04
46817.4 2556.23
46967.3 2564.42
47117.3 2572.61
47267.2 2580.79
47417.1 2588.97
47567.1 2597.16
47717 2605.35
47867 2613.54
48017 2621.73
48166.9 2629.91
48316.9 2638.1
48466.9 2646.29
48616.7 2654.47
48766.7 2662.66
48916.6 2670.85
49066.8 2679.05
49216.5 2687.22
49366.5 2695.41
49516.5 2703.6
49666.7 2711.8
49816.3 2719.97
49966.3 2728.16
50116.2 2706.27
50266.3 2714.38
50416.1 2722.47
50566.1 2730.57
50716.1 2738.67
50866.1 2746.77
51016 2754.86
51165.8 2762.95
51315.8 2771.05
51466.1 2779.17
51615.7 2787.25
51765.7 2795.35
51915.6 2803.44
52065.8 2811.55
52215.6 2819.64
52365.9 2827.76
52515.7 2835.85
52665.3 2843.93
52815.3 2852.03
52965.5 2860.14
53115.2 2868.22
53265.2 2876.32
53415.1 2884.42
53565.1 2892.52
53715.3 2900.63
53864.9 2908.71
54014.9 2916.8
54164.8 2924.9
54314.8 2933
54465.8 2941.15
54614.7 2949.2
54764.7 2957.29
54914.7 2965.39
55064.6 2973.49
55214.5 2981.58
55364.4 2989.68
55514.4 2997.78
55664.3 3005.87
55814.3 3013.97
55964.3 3022.07
56114.3 3030.17
56264.7 3004.54
56414.2 3046.37
56564 3020.52
56714 3028.53
56864.7 3036.57
57013.9 3044.54
57163.9 3052.55
57313.8 3060.56
57463.8 3068.57
57613.7 3076.57
57763.7 3084.58
57913.8 3092.6
58063.5 3100.59
58213.5 3108.6
58363.4 3116.61
58513.4 3124.62
58663.4 3132.62
58813.3 3140.63
58963.3 3148.64
59113.4 3156.65
59263.1 3164.65
59413.2 3172.66
59563.2 3180.67
59713.1 3188.68
59863 3196.68
60012.9 3204.69
60163 3212.7
60312.8 3220.71
60462.8 3228.71
60612.8 3236.72
60762.7 3244.73
60912.7 3252.74
61062.7 3260.75
61212.6 3268.75
61363.1 3276.79
61512.6 3284.77
61662.5 3292.78
61812.5 3300.79
61962.3 3308.79
62112.3 3316.8
62262.2 3324.8
62412.2 3332.81
62562.2 3340.82
62712.1 3348.83
62862.1 3356.84
63012.1 3364.84
63161.9 3372.85
63311.9 3380.85
63461.8 3388.86
63611.8 3396.87
63761.7 3404.88
63911.7 3412.89
64061.9 3420.91
64211.6 3467.43
64361.6 3475.53
64511.4 3483.62
64661.4 3491.72
64811.4 3499.81
64961.3 3507.91
65111.3 3516.01
65262 3524.15
65411.2 3532.21
65561.4 3540.32
65711.2 3548.4
65861 3556.49
66011 3564.59
66161.2 3572.71
66310.9 3580.79
66460.8 3588.89
66610.8 3596.98
66760.8 3605.08
66910.7 3613.18
67060.7 3621.28
67210.5 3629.37
67360.5 3637.47
67510.5 3645.56
67660.4 3653.66
67810.4 3661.76
67960.3 3669.86
68110.3 3677.96
68260.3 3686.06
68410.2 3694.15
68560.1 3702.24
68710 3710.34
68865.3 3718.73
69010.5 3726.56
69159.9 3734.64
69353.9 3745.11
