153.749 61
302.958 65
453.599 65
644.747 76
755.825 80
938.176 81
1056.4 82
1204.09 85
1373.54 88
1506.64 89
1656.81 90
1803.06 90
1953.29 90
2105.36 90
2258.95 91
2407.44 91
2553.12 92
2703.46 92
2854.69 93
3002.89 93
3155.12 93
3304.94 93
3455.03 93
3604.74 93
3753.45 94
3902.17 94
4052.53 94
4202.48 94
4354.56 94
4502.02 94
4651.86 94
4802.45 95
4952.79 96
5102.76 96
5251.86 96
5402.81 96
5552.27 97
5703.86 97
5851.82 97
6003.78 98
6153.12 98
6304.46 98
6450.67 98
6601.01 98
6752.48 99
6901.56 99
7052.02 100
7201.49 100
7354.94 100
7505.69 100
7653.79 100
7800.34 100
7950.44 101
8101.52 101
8250.62 102
8400.45 102
8552.54 102
8700.75 102
8852.34 103
9002.05 103
9152.02 103
9300.23 104
9450.19 104
9603.77 104
9749.74 105
9901.46 105
10052.7 105
10203.3 106
10352.2 106
10500.2 106
10650.4 106
10801.5 106
10950.3 106
11103.7 107
11250.8 107
11401.5 107
11552.9 107
11699 107
11852.5 107
12002.6 108
12153.2 108
12308.8 108
12451.5 108
12599.4 109
12750 109
12902.8 110
13055.5 110
13203.5 110
13352 110
13501.3 110
13652.2 110
13802.1 111
13952.8 111
14099.7 111
14250.5 112
14400.6 112
14550.4 113
14698.4 113
14851.5 114
14999.3 114
15148.1 114
15302.2 114
15448.7 115
15599.8 115
15749.5 115
15904.6 115
16048.1 115
16197.7 115
16349.9 116
16498.2 116
16650.6 116
16802.5 117
16949.9 117
17098.1 117
17250 118
17399.6 118
17548.1 118
17698.2 118
17849 118
17999 118
18148.8 118
18297.9 119
18449.1 119
18598.1 119
18749.4 119
18896.9 120
19048.1 120
19197.2 121
19348.9 121
19500.6 121
19648.4 121
19798 121
19948 121
20098 122
20246.7 122
20396.3 123
20546.9 123
20699.3 124
20849.5 124
20997.2 124
21146.8 125
21296.8 125
21449.3 125
21596.2 125
21745.6 125
21897.3 125
22047.1 126
22197.6 126
22345.7 126
22497.3 126
22649.5 127
22796.8 127
22955.9 127
23109.2 128
23256.9 128
23405.9 129
23560.9 129
23709.1 129
23857.1 129
24008.1 129
24156.6 129
24306.8 130
24455.1 130
24606.2 131
24755.9 131
24908 132
25059 132
25207.7 132
25357.5 132
25506.6 133
25658 133
25804.9 133
25955.3 134
26105.6 134
26256.6 134
26408.1 135
26559 135
26707.1 135
26856.9 135
27006.6 135
27155 135
27305.2 136
27455.3 137
27607.1 137
27756.6 137
27905.3 137
28057.6 137
28207.8 137
28358.1 137
28504 138
28655.9 138
28805 138
28956.6 138
29106.2 139
29257.6 139
29405 139
29557.9 139
29708.3 140
29853.9 140
30003.5 140
30155.1 140
30306.9 140
30457.5 140
30606.2 140
30755.2 140
30905.1 140
31056.1 141
31203.7 141
31354.8 141
31507.7 142
31654.4 142
31807.6 143
31954.8 143
32106.1 143
32255 143
32404.8 143
32554.7 143
32702.9 143
32854.4 144
33003.7 144
33152.5 145
33303.2 145
33455.1 145
33604.3 145
33756.6 145
33903.1 146
34053.8 146
34206.5 146
34352.5 146
34503.1 146
34652.8 146
34804.7 146
34952.9 146
35104 147
35252.9 147
35404.1 148
35552.2 148
35701.8 148
35855.6 148
36003.3 149
36155.6 149
36303.1 149
36452.6 149
36602 149
36755.4 150
36900.8 150
37051.1 150
37208.4 151
37352.7 151
37502.4 151
37651.2 151
37801.3 151
37955 152
38100.4 152
38252.4 153
38404.2 153
38555.2 153
38702.5 153
38851.5 154
39001.8 154
39151.4 155
39302.3 155
39450 155
39600.4 155
39753.4 155
39901.5 155
40051.5 156
40200.5 157
40351.6 157
40502.2 157
40650.8 157
40801.1 157
40949.6 158
41100.2 159
41252.7 159
41401.5 159
41552 159
41703.2 159
41850.3 160
42004.9 160
42152.3 160
42299.5 160
42449.7 160
42599.6 161
42750.9 161
42900 162
43050.5 162
43200 163
43351.1 163
43500.1 163
43648.9 163
43800.5 164
43949.3 164
44100.5 164
44250.7 164
44398.5 164
44553.2 164
44698.9 165
44851.2 166
44999.9 166
45150.5 166
45298.3 166
45448.4 166
45599 166
45750.7 167
45899.8 167
46048.7 168
46199.7 168
46348.5 169
46498.2 169
46649.4 169
46798.3 169
46950.6 169
47098.7 170
47248.8 170
47398.9 170
47550.9 170
47697.7 171
47848.8 171
47998.8 172
48149 172
48299.8 172
48448.1 172
48597.6 173
48749.5 173
48898.7 173
49049 173
49196.8 173
49349.3 174
49497.6 174
49649.1 174
49799.1 174
49948.7 175
50098.2 175
50248 176
50397.1 176
50547 176
50697.9 177
50846.8 177
50997.9 177
51147.4 177
51300.2 178
51448.5 178
51599.6 178
51747.5 179
51896.8 179
52046.4 179
52196.7 180
52350.2 180
52496.2 180
52646.9 180
52797.7 180
52949.1 181
53101.3 181
53245.5 182
53397.2 182
53546.7 182
53696.7 183
53846.8 183
53997.3 183
54150.3 183
54300.6 183
54449 184
54596.5 184
54745.2 184
54896.2 184
55047.2 185
55196.4 185
55347.5 186
55498.4 186
55646.3 186
55796.6 186
55945.3 186
56097.2 187
56245 187
56394.8 187
56545.5 188
56697 188
56848.9 188
56996.4 189
57147.2 189
57296 190
57444.6 190
57596 190
57746.9 190
57896 190
58045.9 190
58197.5 190
58346.2 191
58495.1 191
58645.5 192
58794.2 192
58945.8 192
59095.7 192
59244.6 192
59394.5 193
59547.2 194
59693.9 194
59845.6 194
59994.6 194
60143.4 195
60294.8 195
60445.8 195
60594.4 196
60747.4 196
60895.2 196
61044.3 196
61194.4 197
61343.9 197
61492.7 197
61646.1 197
61793.5 197
61947.6 198
62094.9 198
62244.5 199
62396.1 199
62544.6 199
62695.2 199
62842.9 200
62993.1 200
63142.8 201
63293.3 201
63448.3 201
63594.8 201
63743.5 202
63898.4 202
64045.8 202
64193.3 202
64342 202
64493.2 202
64647.8 203
64793.1 203
64942.9 203
65093.6 204
65244.6 205
65393.3 205
65542 205
65691.6 205
65842.2 205
65994.2 205
66142.3 206
66292.4 207
66443.1 207
66593 207
66744.1 207
66891.5 207
67042.6 207
67194.1 208
67344.2 208
67492.1 209
67641.9 209
67791.4 209
67943.6 209
68091.9 209
68241.4 210
68392.3 210
68541.1 210
68693.1 211
68843.7 212
68993.9 212
69142 212
69291.3 212
69442.3 212
69593.6 212
69742.1 213
69891.7 213
70042 213
70191.7 213
70344.2 214
70494.6 215
70641.7 215
70791.3 215
70942.2 215
71089.4 215
71240.5 215
71390.1 215
71541.6 215
71689.7 215
71839.8 216
71990 216
72140.4 216
72290.8 217
72439.2 217
72593.2 218
72739.4 218
72891.4 218
73038.9 218
73190.5 219
73339.8 219
73490.5 219
73639.5 219
73789.6 220
73939.7 220
74089.1 220
74239.5 220
74389.7 221
74539 221
74689.1 221
74840.3 222
74990.3 222
75140 223
75288 223
75437.9 223
75590.1 223
75739.8 223
75890.4 224
76039.9 224
76188 224
76340.6 224
76490.3 225
76637.5 225
76788.4 225
76938.1 225
77088.5 226
77238 227
77389.1 227
77538.2 227
77687.5 227
77839.7 227
77996.3 228
78138 228
78289 228
78445 228
78589.1 228
78740.4 229
78889.1 229
79042.3 229
79188.3 230
79336.6 230
79486.6 231
79639.4 231
79787.7 231
79938.5 232
80087.7 232
80239.4 232
80388.2 233
80540.3 233
80688.2 233
80840.1 233
80987.1 233
81137.6 233
81287.8 233
81436.6 235
81589.2 235
81737.2 235
81887.2 235
82038.2 235
82187.5 235
82339 236
82486.5 237
82641.2 237
82786.6 237
82941.1 237
83086.9 237
83238.9 238
83385.8 238
83536.5 238
83685.6 238
83840.4 238
83988.9 238
84137.7 239
84286.8 239
84436 239
84589.2 239
84742.5 239
84886 239
85037 241
85187.6 241
85337.4 241
85485.9 241
85638.3 241
85787.2 241
85935.3 242
86087.5 242
86236.2 242
86384.5 243
86537.5 243
86684.2 243
86836.9 244
86992.1 244
87139 244
87286.3 245
87436.8 245
87584.6 245
87734.6 245
87884.7 245
88039.2 246
88186.6 246
88334.4 246
88485.5 246
88639 247
88785.9 247
88933.7 247
89084.6 247
89235.3 247
89383.9 247
89539.1 247
89683.5 248
89837.2 248
89985.6 249
90138 249
90282.7 249
90436.5 249
90583 249
90735.1 250
90883.8 251
91033 251
91182.9 251
91333.8 251
91484 251
91635.9 252
91783.7 252
91933.7 252
92085.4 252
92232.7 253
92387.2 253
92533.9 253
92682.8 253
92834.2 253
92982.7 254
93132.6 255
93283.5 255
93433.1 255
93584.8 255
93733.7 256
93883.3 256
94035.2 256
94185 256
94334.2 256
94481.7 256
94635.5 256
94783.2 257
94933.6 257
95082.4 257
95232 257
95381.9 258
95532.7 258
95683.7 258
95830.8 258
95987.2 259
96133.9 260
96282.2 260
96431.4 260
96584.8 260
96732.6 260
96883.1 261
97035.9 261
97184 261
97330.4 261
97481.4 261
97632.3 262
97785.1 263
97933.1 263
98082.1 263
98231.6 263
98388.5 263
98530.8 263
98682.3 263
98830 263
98981.9 264
99133.2 264
99282.1 264
99432.2 264
99583.1 264
99732.1 265
99879.9 265
100030 266
100183 266
100334 266
100482 266
100631 267
100782 267
100932 267
101081 268
101231 268
101380 269
101529 269
101680 269
101830 269
101982 269
102131 270
102281 270
102429 270
102581 271
102732 271
102879 271
103030 271
103180 271
103331 272
103482 272
103631 273
103779 273
103932 273
104079 274
104230 274
104378 274
104531 274
104679 274
104832 274
104980 275
105129 275
105280 275
105430 275
105579 275
105730 275
105878 275
106031 276
106180 276
106329 276
106481 277
106630 278
106777 278
106927 278
107079 278
107230 278
107378 278
107531 279
107681 279
107830 280
107979 280
108129 280
108277 280
108430 281
108579 281
108728 281
108879 282
109029 282
109177 282
109358 282
109506 283
109658 283
109805 284
109956 284
110107 284
110255 285
110406 285
110555 285
110707 285
110857 285
111005 286
111154 286
111305 287
111455 287
111607 287
111756 287
111907 287
112060 287
112205 288
112354 288
112504 288
112656 289
112804 289
112955 289
113105 290
113255 290
113404 290
113555 290
113704 290
113856 291
114004 291
114154 291
114306 291
114454 292
114604 292
114754 293
114905 293
115054 293
115203 293
115355 294
115503 294
115657 294
115807 294
115954 295
116103 295
116254 295
116405 296
116556 296
116704 296
116854 296
117004 297
117152 298
117303 298
117456 298
117606 298
117753 298
117906 299
118053 299
118204 300
118353 300
118502 300
118653 300
118804 300
118954 300
119106 301
119253 302
119403 302
119552 302
119703 302
119852 302
120002 303
120154 303
120303 303
120453 303
120603 303
120755 305
120903 305
121053 305
121202 305
121352 305
121505 305
121656 306
121805 306
121951 306
122106 307
122252 307
122403 307
122552 307
122704 307
122852 308
123003 308
123152 309
123303 309
123452 310
123601 310
123752 310
123903 310
124052 311
124202 311
124353 311
124501 311
124651 311
124801 311
124951 312
125100 312
125253 313
125403 313
125553 313
125703 313
125853 313
126001 313
126151 313
126299 314
126451 314
126601 314
126755 314
126901 315
127050 316
127205 316
127356 316
127501 316
127649 317
127800 317
127955 317
128101 317
128250 317
128401 318
128552 318
128700 318
128848 318
128999 318
129149 319
129299 320
129449 320
129601 320
129749 321
129899 321
130052 321
130198 321
130350 322
130501 322
130651 322
130799 322
130949 323
131099 323
131251 323
131401 323
131549 323
131699 324
131848 324
132000 324
132148 324
132302 325
132449 325
132600 325
132749 326
132901 327
133047 327
133204 327
133351 327
133499 327
133648 328
133799 328
133951 328
134098 328
134251 329
134398 330
134551 330
134697 330
134850 331
134998 331
135148 331
135298 331
135450 332
135600 332
135750 332
135900 332
136047 333
136196 333
136349 333
136497 333
136646 334
136798 334
136949 334
137097 334
137246 334
137397 334
137547 334
137696 334
137847 335
137996 335
138147 336
138299 336
138446 336
138596 336
138746 336
138899 336
139049 338
139198 338
139346 338
139499 338
139648 338
139797 339
139945 339
140095 339
140246 339
140396 339
140547 340
140697 340
140845 340
141000 341
141145 341
141296 342
141445 342
141595 342
141747 342
141897 342
142045 343
142195 343
142345 343
142499 343
142644 344
142795 344
142944 344
143095 345
143245 345
143399 346
143546 346
143698 346
143845 346
143993 346
144143 346
144295 347
144444 347
144594 347
144745 348
144894 349
145043 349
145194 349
145344 349
145493 349
145643 350
145795 350
145944 350
146095 351
146244 351
146397 351
146544 351
146693 351
146843 352
146994 352
147144 352
147296 353
147443 354
147593 354
147744 354
147895 354
148043 354
148194 355
148342 355
148494 355
148644 356
148794 356
148945 356
149096 357
149244 357
149393 357
149542 357
149694 358
149842 358
149993 358
150142 358
150293 358
150443 359
150592 359
150742 360
150892 360
151043 360
151192 360
151343 360
151492 361
151643 361
151793 361
151945 361
152092 362
152241 362
152390 363
152542 363
152692 363
152843 364
152991 364
153142 364
153292 364
153442 364
153590 365
153740 365
153892 365
154040 365
154190 365
154341 367
154490 367
154643 367
154792 367
154941 367
155092 367
155241 367
155390 367
155541 367
155690 368
155840 368
155992 369
156142 369
156290 369
156440 370
156591 370
156740 370
156890 370
157040 370
157193 371
157340 371
157490 371
157640 371
157790 372
157940 372
158089 372
158240 372
158391 372
158539 372
158691 372
158842 373
158992 373
159138 373
159291 374
159438 374
159588 375
159738 375
159889 375
160042 375
160190 375
160338 375
160489 376
160638 376
160789 377
160939 377
161092 378
161238 378
161389 378
161539 378
161688 378
161838 379
161991 379
162138 379
162288 379
162438 379
162587 380
162740 380
162889 381
163039 381
163190 381
163337 381
163488 382
163637 382
163788 383
163937 383
164090 383
164238 383
164388 383
164538 384
164688 384
164840 385
164989 385
165136 385
165290 385
165437 385
165589 385
165737 386
165889 386
166039 386
166187 387
166337 387
166487 387
166639 388
166786 388
166938 388
167087 388
167239 389
167385 389
167537 389
167685 390
167836 390
167989 390
168138 390
168287 391
168439 391
168591 392
168737 392
168885 392
169037 392
169187 393
169338 393
169486 394
169638 394
169787 394
169939 394
170085 395
170234 395
170388 395
170536 395
170686 395
170835 396
170986 396
171137 396
171287 396
171435 396
171584 397
171735 397
171888 397
172035 398
172184 399
172336 399
172488 399
172635 399
172784 399
172934 399
173084 400
173236 400
173385 401
173539 401
173688 401
173835 401
173985 401
174134 402
174286 402
174436 403
174583 403
174734 404
174884 404
175036 404
175186 404
175335 404
175485 405
175637 405
175784 405
175933 405
176083 405
176236 406
176385 407
176534 407
176688 407
176836 407
176982 408
177134 408
177283 408
177433 408
177583 408
177734 409
177883 409
178033 409
178184 409
178332 410
178481 410
178633 410
178782 411
178932 411
179082 412
179234 412
179386 412
179535 413
179682 413
179831 413
179984 413
180131 413
180283 413
180431 414
180582 414
180733 415
180883 415
181035 415
181183 416
181331 416
181487 416
181631 417
181781 417
181935 417
182082 418
182232 418
182384 418
182534 418
182681 418
182830 419
182981 419
183130 419
183283 420
183432 420
183583 420
183734 420
183881 420
184032 421
184183 421
184333 421
184481 421
184631 422
184783 422
184931 423
185080 423
185230 424
185380 424
185531 424
185680 424
185833 425
185980 425
186130 425
186282 425
186433 425
186579 425
186730 426
186883 426
187030 427
187180 427
187333 428
187480 428
187632 428
187782 428
187929 428
188080 428
188229 429
188380 429
188529 429
188679 430
188829 431
188980 431
189131 431
189281 431
189428 431
189579 432
189729 432
189880 432
190029 432
190178 432
190331 432
190479 433
190629 433
190777 434
190929 434
191079 434
191230 434
191381 435
191530 435
191681 436
191831 436
191980 436
192131 437
192280 437
192429 437
192580 437
192730 437
192878 438
193029 439
193180 439
193327 439
193476 439
193627 439
193778 439
193928 439
194076 440
194227 441
194378 441
194530 441
194677 441
194826 441
194976 442
195132 442
195278 442
195430 442
195577 443
195758 443
195906 443
196054 444
196205 444
196354 445
196506 445
196653 445
196805 445
196955 445
197105 445
197255 445
197404 446
197557 446
197703 446
197855 446
198003 446
198154 446
198304 446
198454 446
198605 446
198762 447
198905 447
199053 448
199206 448
199354 448
199503 448
199654 448
199806 448
199955 449
200103 449
200255 450
200402 450
200555 451
200702 451
200853 451
201002 451
201155 451
201303 451
201456 451
201603 451
201754 451
201903 452
202053 452
202204 452
202353 453
202504 453
202657 453
202805 454
202954 454
203103 454
203251 454
203404 455
203553 455
203704 455
203851 455
204003 455
204154 456
204306 456
204453 456
204603 456
204751 456
204910 457
205053 457
205203 457
205354 458
205505 458
205651 458
205802 458
205953 458
206101 459
206251 460
206404 460
206552 460
206705 460
206853 460
207001 460
207153 461
207300 461
207452 461
207601 461
207752 462
207903 463
208051 463
208203 463
208352 463
208503 464
208650 464
208804 465
208951 465
209102 465
209251 465
209400 465
209551 465
209703 466
209852 466
210001 466
210150 466
210299 467
210450 467
210600 467
210750 467
210902 467
211050 468
211200 468
211351 468
211500 468
211653 468
211801 468
211950 468
212100 469
212250 469
212404 469
212552 469
212700 469
212849 469
213001 470
213149 470
213300 471
213532 471
213917 471
214035 471
214122 471
214537 471
214977 472
215636 473
215780 514
216404 550
216406 530
216457 552
216616 565
216750 566
216906 589
217047 596
217274 620
217356 622
217508 625
217655 625
217804 626
217950 626
218102 627
218250 628
218454 628
218557 628
218746 628
218859 628
219011 628
219163 630
219327 630
219464 630
219606 630
219821 630
219899 631
220355 653
221631 670
221781 670
221924 670
222089 670
222234 671
222375 671
222528 671
222673 671
222818 671
222981 671
223137 671
223300 672
223449 672
223604 672
223754 672
223888 672
224032 672
224186 672
224350 672
224481 673
224632 673
224800 673
224952 673
225096 673
225156 674
225310 674
225457 674
225598 675
225763 675
225907 675
226060 675
226204 675
226348 675
226506 676
226657 677
226800 677
226950 677
227108 678
227257 678
227402 678
227554 679
227706 679
227867 679
228000 679
228148 680
228304 680
228452 680
228607 680
