-2727.8 21
-2577.73 21
-2314.27 23
-2245.57 23
-2090.45 24
-1935.89 25
156.956 12
309.675 14
458.641 14
608.352 14
757.064 15
908.024 16
1057.62 16
1207.2 16
1355.79 16
1505.76 16
1656.72 17
1806.31 17
1956.77 18
2106.86 18
2257.2 18
2407.91 18
2556.26 19
2705.97 19
2855.55 19
3007.14 20
3155.98 20
3305.7 20
3457.91 20
3606.63 21
3759.97 22
3905.68 22
4054.77 22
4204.97 22
4356.18 22
4505.65 22
4655.49 22
4806.83 23
4956.54 24
5105.88 24
5255.34 24
5404.93 24
5555.63 24
5705.48 24
5854.58 24
6004.9 26
6157.11 26
6305.64 26
6456.56 26
6607.64 26
6755.34 27
6905.57 28
7055.78 28
7204.24 28
7356.78 28
7506.55 28
7656.01 28
7806.34 29
7954.05 30
8105.64 30
8253.99 30
8404.57 30
8554.04 30
8705.62 30
8856.96 30
9005.93 31
9155.15 32
9304.1 32
9453.95 32
9602.91 32
9753 32
9903.96 32
10054.8 34
10205 34
10354.4 34
10503.8 34
10656.9 34
10803.9 34
10953.5 34
11103 34
11253 35
11403.3 36
11553.3 36
11703.9 36
11853.4 36
12005.1 36
12153.2 36
12302.9 37
12453.1 37
12603.8 37
12753.8 37
12903.9 37
13053.9 38
13202.5 39
13352.9 39
13502.7 39
13655 39
13802.3 39
13951.6 39
14102.6 39
14253.5 39
14402.6 40
14552.3 41
14702.2 41
14853.9 41
15004.8 41
15152.3 42
15301.5 42
15452.8 43
15601.7 43
15751.3 43
15903.7 43
16054.6 43
16203.2 44
16352.6 44
16501.3 45
16650.9 45
16801.9 45
16952 45
17102 45
17251.8 46
17404.9 47
17551.3 47
17701.1 47
17850.1 47
18000.9 47
18151.4 47
18301.2 47
18450.6 49
18601.8 49
18750.8 49
18901.9 49
19051.1 49
19201.7 49
19351.2 50
19501.1 51
19650.7 51
19800.7 51
19951.9 51
20102.3 51
20252.6 51
20400.7 51
20551 52
20699.9 53
20851.2 53
21001.3 53
21152.1 53
21301.6 53
21450.6 54
21600 55
21751.3 55
21901.7 55
22049.4 55
22199.2 55
22349.3 55
22501 55
22651.1 55
22800.2 57
22950.2 57
23100.4 57
23249.6 57
23399.7 58
23548.6 59
23700.5 59
23849.9 59
24000.1 59
24149.1 59
24298.7 59
24450 59
24598.9 61
24747.8 61
24898.6 61
25051.3 61
25199 61
25350.7 61
25501 62
25649.1 62
25801.1 63
25949 63
26099.9 63
26247.3 63
26398.3 63
26548.1 63
26698 63
26847.8 63
26999.9 65
27147.8 65
27302.3 65
27482.2 65
27625.1 65
27777.2 66
27927.6 67
28075.6 67
28226.1 67
28377.8 67
28528.2 67
28677.4 67
28827 68
28975.6 68
29125.1 69
29275.7 69
29425.3 69
29576.5 69
29725.4 69
29876.3 69
30025.9 70
30176.3 70
30324.4 71
30474.3 71
30626.3 71
30775.4 71
30925.4 71
31078 71
31225.3 73
31375.7 73
31526.4 73
31675.8 73
31823.9 73
31974.1 74
32124.6 74
32276.9 75
32424.2 75
32576.9 75
32725.6 75
32875.2 75
33026.3 75
33173.2 77
33324.4 77
33474.6 77
33626.2 77
33774.1 77
33923.9 77
34076.5 78
34224.3 78
34377.8 79
34522.8 79
34674.4 79
34824.2 79
34975.2 79
35124.2 79
35275 80
35423.7 80
35576.5 81
35724.7 81
35873.1 81
36022.7 81
36173.7 83
36325.2 83
36474.8 83
36625.7 83
36774.5 83
36923.9 83
37073.9 83
37221.9 83
37371.9 84
37522.3 85
37672.4 85
37826.1 85
37972.7 85
38124.4 85
38272.6 85
38423.8 85
38572.5 87
38721.6 87
38872.5 87
39025.8 87
39172.9 88
39323 88
39474.1 88
39622.4 89
39772 89
39922.8 89
40071.3 89
40221.4 89
40371.8 89
40521.3 90
40671.6 91
40822.6 91
40973.8 91
41123 91
41272.7 92
41420.7 93
41570.5 93
41722.4 93
41874.8 93
42022.1 93
42172.2 93
42321.7 94
42471.6 94
42621.5 94
42770.5 95
42921.7 95
43072.7 95
43221 95
43372.1 95
43523.2 96
43672 96
43821.4 97
43972.6 97
44120.2 97
44269.8 97
44423.7 98
44574.6 98
44723.3 98
44872.5 98
45023.8 99
45172.5 99
45320.9 99
45472 99
45619.8 100
45769.8 101
45920.7 101
46071.4 101
46225.3 101
46370.3 101
46520.1 103
46670.2 103
46819.8 103
46969.7 103
47119.6 103
47269.2 103
47419.6 103
47572.6 103
47724.8 103
47869.8 105
48020.8 105
48170.2 105
48319.5 105
48468.4 105
48618.5 105
48769 106
48921.4 106
49070.1 107
49219.6 107
49371.3 107
49520.5 107
49670.7 107
49819 107
49967.7 107
50122.5 109
50269.3 109
50420.8 109
50568.3 109
50718.9 110
50869.5 110
51022.2 110
51170.6 111
51323.4 111
51468.9 111
51622.8 111
51772.9 111
51920.5 112
52069.2 113
52220 113
52376.3 113
52518.9 113
52668.7 113
52818.8 113
52970.5 114
53119 115
53268.3 115
53421.2 115
53569.4 115
53720 115
53867.2 115
54018 116
54176.7 117
54318.3 117
54473.7 117
54621.6 117
54768.7 117
54917.8 117
55067.2 118
55216 118
55367.1 119
55519.9 119
55672.1 119
55817.1 119
55972.7 119
56117.4 119
56271.3 120
56421.4 121
56566.6 121
56717.4 121
56866.4 121
57015.8 121
57166.1 122
57320.3 122
57469.7 123
57618.6 123
57771.6 123
57919 123
58071.3 124
58224.1 124
58371.2 124
58516.8 125
58668.6 125
58816.3 125
58966.8 125
59118.5 125
59267.4 125
59417.6 125
59566.8 126
59721 126
59874 126
60018.8 126
60171 126
60320.5 127
60470.3 127
60624.3 128
60765.4 128
60915.3 128
61065.3 128
61220 128
61365.5 130
61519.2 130
61665.3 130
61816.5 130
61965.7 130
62116.8 130
62266.4 130
62425.1 131
62572.3 131
62717.6 132
62866.5 132
63016.7 132
63165.9 132
63315.4 132
63469.1 132
63617.9 133
63768 134
63914.6 134
64071.3 134
64221.4 134
64366.2 134
64514.9 134
64665.4 134
64818.5 136
64965.1 136
65112.7 136
65263.3 136
65416.1 136
65572.7 137
65718.4 137
65866.2 138
66013.6 138
