234.803 442
414.32 465
563.991 480
634.588 493
795.012 496
921.224 497
1163.91 508
1323.41 516
1463.38 517
1602.96 518
1748.67 518
1914.25 518
2076.34 519
2284.92 520
2494.12 520
2649.21 520
2810.43 525
2817.63 526
2866.05 528
3016.2 541
3166.17 545
3315.5 546
3466.72 548
3615.68 548
3766.01 548
3915.86 549
4065.57 550
4216.28 550
4365.51 550
4515.34 550
4665.05 552
4815.18 552
4965.23 552
5115.19 552
5265.54 552
5415.14 552
5565.09 552
5715.06 552
5865.14 552
6014.6 554
6164.69 554
6314.78 554
6465.6 554
6614.7 554
6765.03 555
6914.63 555
7065.09 555
7214.68 556
7364.39 556
7514.23 556
7664.33 556
7814.28 557
7964.5 557
8114.21 558
8264.33 558
8414.14 558
8563.73 558
8713.69 558
8864.19 558
9013.86 559
9165.08 559
9313.78 560
9463.8 560
9613.73 560
9763.68 560
9913.26 561
10063.2 562
10213.3 562
10363.4 562
10513.4 562
10663.3 562
10813.3 562
10963.3 562
11113.2 562
11263.3 564
11412.9 564
11562.9 564
11713 564
11862.9 565
12013.4 565
12163.6 566
12312.8 566
12462.8 566
12612.4 566
12762.7 566
12913.4 567
13062.5 567
13212.5 567
13362.7 568
13512.4 568
13662.4 568
13812.3 568
13962.7 568
14112.6 569
14262.5 569
14412.5 569
14562 570
14712.5 570
14862.2 570
15012.5 570
15163.5 570
15311.8 571
15461.9 572
15612.1 572
15762.2 572
15912.2 572
16062.5 572
16212 573
16362.1 574
16511.8 574
16661.6 574
16811.7 574
16961.9 574
17112.2 574
17261.7 574
17411.7 575
17561.6 576
17712 576
17863 576
18011.8 576
18161.4 576
18311.6 576
18461.3 577
18611.5 578
18761.7 578
18911.6 578
19061.5 578
19211 578
19361 579
19511 580
19661.1 580
19811.1 580
19961.7 580
20111.2 580
20261 581
20411.6 582
20560.6 582
20710.6 582
20860.6 582
21010.7 582
21160.6 582
21310.8 582
21461 582
21610.6 584
21760.5 584
21910.6 584
22060.6 584
22210.3 584
22360.5 584
22510.4 585
22660.2 586
22810.1 586
22960.2 586
23110.2 586
23259.6 586
23410.5 586
23559.8 586
23709.8 587
23859.7 588
24009.7 588
24160 588
24309.7 588
24459.6 588
24609.6 589
24759.3 589
24909.5 590
25059.3 590
25209.3 590
25361.1 590
25509.7 591
25659.2 591
25808.9 591
25958.9 592
26109 592
26259.2 592
26408.9 592
26558.8 593
26708.9 594
26858.8 594
27008.7 594
27158.3 594
27308.3 594
27458.7 594
27608.5 595
27758.4 596
27908.4 596
28058.3 596
28208.3 596
28358.9 596
28507.9 596
28657.9 597
28807.9 598
28958 598
29108.3 598
29257.9 598
29407.9 598
29557.9 598
29707.9 598
29857.8 599
30007.4 599
30157.5 599
30307.5 600
30457.5 600
30635.4 600
30785.4 600
30935.3 601
31085.3 601
31235.5 602
31385 602
31535.1 602
31685 602
31835 603
31985 603
32134.9 603
32285.3 604
32435.6 604
32584.4 604
32734.9 604
32884.6 605
33034.6 605
33184.5 605
33334.5 606
33484.5 606
33634.5 606
33784.4 606
33934 606
34084.5 608
34234.3 608
34384.1 608
34534.1 608
34684 608
34834.3 608
34984 609
35133.9 609
35283.5 610
35434 610
35583.7 610
35733.5 610
35883.4 610
36033.6 610
36183.5 610
36333.3 610
36483.2 611
36633.1 612
36782.9 612
36933 612
37083.1 612
37232.9 612
37383.3 613
37532.7 613
37682.7 614
37832.8 614
37982.2 614
38132.6 614
38282.4 614
38432.5 615
38582.3 616
38732.3 616
38882.3 616
39032.7 616
39182.3 616
39332.3 617
39482 618
39632 618
39781.9 618
39931.9 618
40081.8 618
40231.9 618
40382 619
40531.4 620
40685.1 620
40831.7 620
40981.5 620
41131.5 620
41281.4 620
41431.4 622
41581.4 622
41731.3 622
41880.9 622
42031 622
42181.1 622
42331.1 623
42481 623
42631 624
42780.9 624
42930.9 624
43081.4 624
43230.5 624
43380.7 624
43530.9 625
43680.6 626
43830.6 626
43981 626
44130.9 626
44280.4 626
44430.4 626
44580 626
44730.1 627
44880.2 628
45030.1 628
45180.1 628
45330.1 628
45480 628
45630 629
45780 629
45929.6 630
46079.6 630
46229.7 630
46379.7 630
46529.7 630
46679.6 630
46830.2 632
46979.5 632
47129.8 632
47279.3 632
47429.2 632
47579.3 632
47729.2 632
47879.1 633
48029.5 634
48179 634
48328.8 634
48481.4 634
48628.3 634
48778.6 634
48928.4 635
49078.7 636
49229 636
49378.3 636
49528.4 636
49678.3 636
49828.6 637
49977.9 638
50128.6 638
50278 638
50428 638
50578 638
50728 638
50877.8 638
51027.8 639
51178.1 640
51327.8 640
51479.2 640
51628.4 640
51777.5 640
51929.1 640
52077.4 642
52227.5 642
52377.3 642
52527.1 642
52678 642
52827 642
52977.1 643
53128.2 643
53277.5 644
53427.6 644
53576.9 644
53727.1 644
53876.5 644
54026.8 644
54177.4 644
54327.1 645
54476.6 646
54627.5 646
54776.5 646
54926.6 647
55076.7 647
55226.1 648
55376.2 648
55526.4 648
55676.2 648
55826.6 648
55976.1 648
56126.3 649
56276 650
56426 650
56575.6 650
56727.2 650
56876.3 650
57025.7 651
57176.1 651
57325.6 651
57476.1 652
57625.6 652
57775.5 652
57925.1 652
58075.2 652
58225.7 653
58375.4 654
58525.7 654
58675.2 654
58825.7 654
58975.1 654
59125.3 655
59275.9 656
59425.4 656
59575.6 656
59726.2 656
59876.8 656
60025.1 656
60175.1 656
60325 658
60474.6 658
60624.6 658
60774.7 658
60924.8 658
61074.7 658
61226.8 658
61374.7 659
61524.6 660
61674.6 660
61824.5 660
61975 660
62124.2 660
62274.3 660
62424.3 660
62575 661
62725.9 662
62874.8 662
63024.1 662
63173.7 662
63323.7 662
63473.9 663
63625 663
63774.2 664
63923.8 664
64074.5 664
64224 664
64375 664
64523.3 665
64673.4 666
64823.4 666
64973.4 666
65123.7 666
65276.7 666
65423.3 666
65576.3 668
65723.2 668
65872.8 668
66022.9 668
66173 668
66323.1 668
66472.9 668
66622.9 669
66772.8 670
66923.2 670
67072.8 670
67224.8 670
67373.2 670
67522.5 670
67673.6 671
67823.2 671
67972.7 672
68122.8 672
68272.3 672
68422.6 672
68572.1 672
68723.6 672
68872.3 673
69023 674
69172.5 674
69347.8 689
