-1395.34 33
-624.227 67
417.282 13
564.652 13
715.118 14
866.289 15
1019.6 15
1161.22 15
1314.67 15
1472.15 15
1618.73 16
1763.1 17
1912.15 17
2067.15 17
2209.58 17
2363.17 17
2515.42 17
2663.25 18
2811.47 18
2965.93 19
3110.74 19
3261.74 19
3411.69 19
3561.01 19
3708.47 21
3863.43 21
4013.92 21
4165.37 21
4313.57 21
4460.54 21
4614.36 22
4759.21 22
4912.82 22
5064.06 22
5208.23 22
5370.95 22
5511.67 22
5664.01 23
5821.32 24
5959.57 24
6109.5 24
6261.84 24
6414.19 24
6570.67 24
6711.23 24
6866.89 26
7011.91 26
7165.78 26
7314.61 26
7460.96 26
7612.4 26
7758.35 26
7912.2 28
8059.4 28
8212.75 28
8360.33 28
8511.42 28
8669.88 28
8819.74 29
8961.04 29
9109.4 30
9259.63 30
9409.33 30
9576.92 30
9717.69 30
9859.1 31
10009.1 32
10161.6 32
10312.9 32
10459.9 32
10610.4 32
10766.1 32
10921.2 32
11066.1 34
11210.5 34
11360.9 34
11513 34
11659.4 34
11811.7 34
11960.4 34
12108.2 34
12263.4 34
12410.6 35
12566.3 35
12713.3 35
12858.4 35
13008.6 36
13159.4 36
13316.7 37
13460.5 37
13608.4 37
13759 37
13915.6 37
14066.2 37
14203.5 38
14358.6 39
14510.2 39
14659.7 39
14809.3 39
14960.4 39
15110.1 41
15266.4 41
15414 41
15554.3 41
15716 41
15854.8 41
16009.9 41
16155.9 41
16309.3 41
16460 42
16613.9 42
16760.4 42
16909.4 42
17056.7 42
17211.7 42
17357.3 42
17510.9 44
17662 44
17808.1 44
17957.5 44
18107.2 44
18255.8 44
18407.5 44
18560.8 45
18706.2 46
18861.2 46
19009.4 46
19159.3 46
19313.7 47
19456 47
19607.1 48
19753.4 48
19907.5 48
20058.5 48
20206.4 48
20356 48
20503.5 49
20654.8 49
20805.9 49
20953.5 49
21105.2 49
21251.9 49
21407.4 49
21580.5 49
21719.9 50
21862.8 50
22015.1 50
22164.3 50
22324.4 50
22470.8 51
22616.6 52
22762.5 52
22918.9 52
23069.4 52
23215.6 52
23372.9 52
23516.2 53
23669.7 53
23813.7 53
23964.2 54
24120.2 54
24266 54
24418.5 54
24569.5 54
24718.6 54
24869.4 54
25015.6 56
25167 56
25316.9 56
25470.7 56
25624.5 57
25762.4 58
25918.7 58
26063.6 58
26216.7 58
26375.2 58
26513.1 58
26668.1 59
26817.3 59
26968.9 60
27122.1 60
27266.1 60
27426.5 60
27565 60
27714.3 61
27866.8 61
28017 61
28162.1 61
28314.8 61
28462.5 61
28612.9 61
28766.1 62
28912.5 63
29064.9 63
29217.7 63
29361.7 63
29514.3 63
29664.4 63
29814.5 64
29972 65
30115.3 65
30263.2 65
30417.2 65
30567.7 65
30717 65
30863.8 66
31015.7 66
31163.6 67
31316.5 67
31463 67
31616.6 67
31773.6 67
31912.8 67
32067.8 67
32222.1 69
32363.5 69
32521.5 69
32670.1 69
32812.7 69
32962.8 70
33124.1 71
33266.4 71
33415.1 71
33561.8 71
33721.4 71
33867.5 71
34018.1 72
34163 73
34313.9 73
34465.2 73
34619.1 73
34771.5 73
34913.6 73
35071.3 73
35221.9 74
35369.2 74
35513.9 74
35665.8 74
35818.5 74
35964.4 74
36112.6 76
36266.4 76
36415.7 76
36564.6 76
36712.3 76
36862.9 76
37023.7 76
37169.3 76
37313.9 78
37457.1 78
37610 78
37769.4 78
37915 78
38062.5 78
38213.4 80
38370.9 80
38508.7 80
38663.2 80
38813.4 80
38959.7 80
39130.8 80
39262.5 80
39414.5 82
39562.7 82
39715.2 82
39875 82
40009 82
40161 82
40314.8 82
40464.8 83
40608.7 84
40762.7 84
40910.9 84
41061 84
41211.7 84
41357.9 85
41511 85
41663.7 86
41810.3 86
41973.9 86
42109.7 86
42263.2 86
42416.7 87
42567.7 88
42711.4 88
42856.8 88
43012 88
43158.8 88
43311.4 88
43468 88
43615.5 88
43768.2 89
43920.3 90
44056.3 90
44211.6 90
44363.2 90
44518.2 90
44662.7 91
44820.5 92
44962.5 92
45122 92
45259.1 92
45406.8 92
45556.1 93
45710.2 94
45863 94
46011.8 94
46159.2 94
46308.4 94
46457.5 94
46612.5 95
46757.9 95
46906 95
47059.2 95
47213.7 95
47362.4 95
47508.8 95
47660.7 96
47814.8 97
47964 97
48110.6 97
48256.6 97
48404.9 97
48562.1 97
48708.7 97
48856.5 98
49008.8 99
49163 99
49308.8 99
49459.2 99
49605.2 99
49761.5 100
49911.3 100
50056 100
50210.7 100
50366.2 100
50511.9 100
50661 100
50805.2 101
50963.9 102
51106.9 102
51264.3 102
51403.3 102
51561.3 102
51709.6 102
51855.7 103
52008.8 103
52157.5 104
52309.2 104
52459.3 104
52611.1 104
52759.9 105
52907.1 106
53053.7 106
53205 106
53358.2 106
53503.7 106
53653.6 106
53807.2 106
53959.3 106
54109.8 107
54259.1 107
54407.8 107
54553.3 107
54705.3 107
54854.8 107
55008.8 108
55155.6 108
55314.9 109
55452.9 109
55617.4 109
55758.4 109
55907.7 109
56056.8 110
56206.9 110
56352 111
56505.2 111
56654.6 111
56803.5 111
56962.4 112
57106.4 112
57258.4 112
57403.6 113
57554.5 113
57702.3 113
57855.9 113
58003.8 113
58156.5 113
58303.4 113
58455.6 114
58606.2 114
58762.5 114
58904.9 114
59055.2 114
59202.2 114
59354.7 115
59511.1 116
59656.7 116
59804.6 116
59956.3 116
60108.6 116
60254.8 118
60405.3 118
60556.8 118
60705.7 118
60856.3 118
61005 118
61151.7 119
61305.9 119
61459.5 120
61607.4 120
61757.6 120
61904 120
62051.8 120
62201.5 120
62354.7 120
62503.6 121
62656.1 121
62804.8 121
62955.1 121
63103.6 121
63252.7 121
63407.1 122
63560.9 122
63702.5 122
63858.8 123
64004.2 123
64153.3 123
64299.8 124
64458.1 124
64602.2 124
64751.4 125
64903.9 125
65052.1 125
65205.3 125
65352.9 125
65505.7 126
65657.6 127
65810.8 127
65953.5 127
66102.2 127
66250.9 127
66403.9 128
66552.1 129
66703.7 129
66854.6 129
67001.4 129
67152 129
67300.4 129
67450.9 129
67604.5 129
67757.8 130
67903.9 131
68052.5 131
68199.6 131
68353.2 131
68503.2 131
68654 131
68799.7 131
68948.8 133
69101.5 133
69254.4 133
69402.2 133
69560.5 133
69699.6 134
69849.2 135
70002.3 135
70155.9 135
70301.1 135
70450.3 135
70601.8 135
70752.3 135
70904 136
71061.2 137
71199.5 137
71349 137
71500.8 137
71653.5 138
71799.6 138
71954.1 138
72100 139
72259.1 139
72405.8 139
72551.4 139
72700 139
72850.7 140
72999.6 141
73154 141
73306.5 141
73447.8 141
73600.4 141
73755.3 141
73900.5 141
74048.3 141
74200.5 142
74349.7 143
74502.2 143
74651 143
74797.7 143
74955.3 145
75099.9 145
75245.1 145
75397.5 145
75556.2 145
75699.4 145
75851.2 145
75995.6 146
76148 147
76302.6 147
76446.4 147
76605.2 147
76744 147
76900.6 147
77050.3 148
77202.3 149
77352 149
77499.2 149
77646.4 149
77800.3 149
77947.4 149
78098.4 150
78250.9 151
78396 151
78549.4 151
78706.5 151
78849.2 151
78999.1 151
79146.4 152
79296.4 153
79448.4 153
79600.1 153
79746.3 153
79899.7 153
80050.1 153
80209.1 153
80350.9 153
80522.5 155
80653.1 155
80797 155
80951.6 155
81097.3 155
81246.3 157
81402.7 157
81544.4 157
81698.9 157
81845.6 157
81994.6 157
82146.8 157
82293.6 157
82443.7 157
82595.1 159
82743.9 159
82897.5 159
83044.6 159
83194.9 159
83360.1 159
83492.6 159
83643.2 160
83796.2 160
83954.3 160
84106.8 160
84244.5 161
84400.5 161
84544 161
84696.8 162
84844.8 162
84993.1 162
85151 162
85298.9 162
85451.6 162
85606 162
85744.2 164
85891.5 164
86043.2 164
86195.3 164
86345.1 164
86491.5 165
86647.1 165
86795.7 165
86944.6 165
87100.6 165
87247.1 165
87395.8 165
87545.4 166
87690.8 167
87843.5 167
87993.9 167
88146.4 167
88296.3 167
88446.4 167
88595.3 168
88747 168
88889.3 169
89039.6 169
89190.2 169
89344.7 169
89492.5 169
89645.3 169
89799.2 171
89945.6 171
90095.9 171
90239.6 171
90394.5 171
90541.9 171
90692.7 172
90842.6 173
90993 173
91141.9 173
91290.1 173
91448.4 173
91594.7 173
91744.6 173
91893.3 173
92042.8 175
92196.2 175
92344.6 175
92492.8 175
92646.1 176
92805.9 177
92943.8 177
93088.8 177
93240.1 177
93393.9 177
93543.3 177
93694 178
93843.3 178
93997.6 179
94142.1 179
94290.1 179
94439.9 179
94592.3 179
94741.1 179
94893.9 179
95046.7 180
95193.2 181
95342.7 181
95493.1 181
95645.5 181
95795.1 182
95941.1 182
96094.4 183
96242.6 183
96390.8 183
96543.7 183
96691.5 183
96841.6 183
96992.8 184
97141.9 185
97292.9 185
97444.4 185
97618.7 185
97809.6 185
97972.5 186
98127.6 186
98292 187
98342 187
98489.6 187
98643 187
98788.2 187
98942.6 187
99090.7 189
99240.8 189
99390.1 189
99542.1 189
99695.3 189
99843.7 189
99992.9 190
100140 191
100295 191
100437 191
100590 191
100740 191
100891 191
101045 191
101190 192
101343 193
101489 193
101639 193
101786 193
101953 193
102090 193
102240 194
102394 194
102539 195
102693 195
102839 195
102988 195
103145 196
103296 197
103438 197
103592 197
103741 197
103892 197
104042 197
104189 197
104346 198
104491 199
104647 199
104788 199
104941 199
105092 199
105238 199
105394 199
105542 200
105693 200
105845 200
105990 200
106139 200
106287 200
106447 200
106596 201
106742 202
106889 202
107040 202
107185 202
107338 202
107488 203
107641 203
107787 204
107964 204
108119 204
108268 204
108418 204
108571 204
108715 205
108868 205
109015 205
109165 205
109313 205
109462 206
109621 206
109765 206
109917 207
110071 207
110217 207
110365 207
110516 207
110670 208
110813 209
110966 209
111116 209
111263 209
111419 209
111563 210
111715 210
111863 211
112016 211
112162 211
112315 211
112464 211
112612 211
112763 212
112914 213
113066 213
113229 213
113363 213
113518 213
113666 214
113814 214
113965 215
114116 215
114266 215
114424 215
114566 215
114719 216
114865 216
115013 217
115167 217
115317 217
115466 217
115612 217
115766 218
115917 218
116070 219
116217 219
116366 219
116517 219
116661 219
116815 219
116965 220
117115 220
117266 221
117417 221
117564 221
117709 221
117862 221
118014 221
118164 222
118322 222
118463 222
118615 222
118767 222
118913 222
119061 222
119217 223
119363 224
119513 224
119666 224
119816 224
119959 224
120117 225
120268 225
120414 225
120567 225
120709 225
120860 225
121018 225
121165 225
121312 227
121461 227
121612 227
121760 227
121912 227
122069 228
122214 228
122366 229
122514 229
122664 229
122815 229
122958 229
123109 230
123261 231
123417 231
123565 231
123712 231
123861 231
124016 231
124173 231
124310 231
124460 232
124611 233
124767 233
124909 233
125060 233
125213 234
125366 234
125509 234
125659 235
125813 235
125959 235
126112 235
126262 235
126410 235
126561 235
126709 236
126862 236
127012 236
127160 236
127307 237
127460 237
127612 238
127770 238
127912 238
128059 238
128210 238
128363 238
128508 239
128657 240
128816 240
128958 240
129116 240
129260 240
129414 240
129560 240
129707 242
129862 242
130006 242
130162 242
130311 242
130468 242
130609 243
130757 244
130908 244
131062 244
131208 244
131358 244
131509 244
131661 245
131810 246
131962 246
132121 246
132264 246
132409 246
132558 246
132709 246
132860 247
133009 248
133159 248
133312 248
133461 248
133607 248
133758 248
133907 249
134055 249
134215 249
134354 249
134509 249
134657 250
134807 250
134954 250
135109 250
135261 250
135404 250
135556 250
135715 250
135854 250
136008 251
136157 251
136308 251
136458 251
136608 251
136758 252
136906 253
137059 253
137209 253
137359 253
137508 253
137656 253
137806 253
137958 255
138104 255
138254 255
138403 255
138558 255
138708 255
138856 256
139009 257
139157 257
139309 257
139452 257
139604 257
139758 257
139908 257
140057 257
140209 258
140363 259
140507 259
140656 259
140805 259
140952 260
141104 260
141257 261
141408 261
141564 261
141705 261
141852 261
142007 261
142151 261
142309 262
142453 263
142606 263
142758 263
142908 263
143054 263
143205 264
143353 264
143502 264
143657 264
143804 264
143955 264
144106 264
144252 264
144405 266
144557 266
144701 266
144855 266
145004 266
145157 266
145307 266
145456 267
145605 268
145752 268
145907 268
146049 268
146200 268
146355 268
146505 268
146659 270
146802 270
146954 270
147108 270
147256 271
147411 271
147553 271
147704 272
147853 272
148009 272
148157 272
148306 272
148463 273
148601 274
148748 274
148902 274
149053 274
149204 275
149351 275
149500 276
149652 276
149807 276
149953 276
150098 276
150247 276
150404 277
150554 277
150700 277
150861 278
151005 278
151152 278
151306 278
151450 279
151598 280
151751 280
151903 280
152049 280
152206 280
152352 280
152501 280
152655 280
152803 281
152951 281
153099 281
153249 281
153399 281
153555 282
153703 282
153859 283
154000 283
154152 283
154301 283
154454 283
154601 283
154753 283
154900 284
155051 285
155201 285
155350 285
155507 285
155650 285
155799 285
155951 286
156107 287
156250 287
156399 287
156551 287
156700 288
156846 288
157002 289
157157 289
157298 289
157447 289
157602 290
157757 290
157899 290
158050 291
158198 291
158349 291
158497 291
158647 291
158799 292
158949 293
159102 293
159250 293
159398 293
159550 293
159697 293
159844 294
159994 294
160148 294
160300 295
160450 295
160609 295
160749 295
160899 295
161047 295
161196 296
161347 296
161496 296
161649 296
161800 296
161947 297
162104 298
162247 298
162399 298
162549 298
162698 298
162851 298
163002 299
163145 299
163302 299
163449 300
163602 300
163748 300
163900 300
164048 300
164200 302
164353 302
164501 302
164649 302
164799 302
164946 302
165099 304
165250 304
165396 304
165550 304
165697 304
165851 304
165997 304
166147 305
166301 305
166445 306
166600 306
166743 306
166897 306
167050 306
167205 306
167346 306
167500 308
167648 308
167795 308
167944 308
168096 308
168252 308
168398 309
168550 310
168695 310
168850 310
168999 310
169144 310
169293 311
169452 312
169595 312
169745 312
169897 312
170046 312
170204 312
170348 313
170498 314
170649 314
170792 314
170946 314
171101 314
171242 314
171399 314
171543 315
171703 316
171842 316
171996 316
172147 316
172295 316
172443 317
172600 318
172745 318
172895 318
173047 318
173197 318
173343 318
173491 319
173646 320
173791 320
173942 320
174095 320
174245 320
174398 321
174553 321
174699 321
174844 322
175001 322
175146 322
175303 322
175449 323
175599 324
175744 324
175898 324
176042 324
176193 324
176347 324
176498 324
176646 324
176796 325
176947 326
177096 326
177246 326
177392 326
177547 326
177701 327
177843 328
177992 328
178145 328
178295 328
178441 328
178593 329
178743 329
178889 329
179043 330
179202 330
179343 330
179494 330
179640 330
179793 330
179947 331
180094 332
180240 332
180396 332
180540 332
180691 332
180841 333
180996 333
181141 333
181290 333
181444 333
181595 333
181746 334
181895 335
182046 335
182194 335
182351 335
182492 335
182645 335
182789 335
182942 336
183096 336
183245 337
183392 337
183540 337
183702 337
183841 337
183996 337
184143 338
184290 339
184442 339
184591 339
184739 339
184892 340
185037 340
185192 340
185342 341
185488 341
185643 341
185790 341
185942 341
186088 341
186244 341
186388 343
186540 343
186688 343
186837 343
186986 343
187141 344
187295 344
187441 345
187590 345
187738 345
187892 345
188038 345
188195 346
188336 347
188488 347
188655 347
188788 347
188942 347
189100 347
189240 348
189393 349
189535 349
189689 349
189843 349
189992 349
190138 350
190289 350
190443 351
190591 351
190742 351
190886 351
191037 351
191191 352
191341 352
191491 352
191641 353
191786 353
191941 353
192089 353
192235 353
192387 353
192542 354
192694 355
192842 355
192988 355
193150 355
193286 355
193437 356
193589 356
193734 357
193885 357
194041 357
194187 357
194370 358
194518 358
194667 359
194819 359
194966 359
195116 359
195262 359
195418 360
195571 360
195716 361
195867 361
196016 361
196164 361
196315 361
196469 361
196616 361
196768 362
196913 363
197065 363
197222 363
197366 363
197520 364
197667 365
197815 365
197968 365
198120 365
198262 365
198415 365
198566 365
198718 365
198869 366
199014 367
199164 367
199316 367
199466 367
199617 367
199770 367
199914 368
200068 369
200215 369
200366 369
200512 369
200664 369
200812 369
200966 370
201113 371
201264 371
201415 371
201570 371
201717 371
201863 373
202015 373
202165 373
202311 373
202467 373
202612 373
202765 373
202914 374
203062 374
203213 374
203364 374
203515 374
203663 374
203813 375
203970 375
204121 375
204265 375
204414 375
204564 375
204713 375
204860 376
205016 376
205163 376
205311 377
205464 377
205611 377
205762 377
205913 378
206061 378
206211 379
206364 379
206511 379
206663 379
206813 379
206963 379
207116 380
207261 381
207414 381
207565 381
207709 381
207865 381
208014 381
208160 383
208316 383
208464 383
208610 383
208761 383
208910 383
209063 383
209216 384
209365 385
209514 385
209668 385
209814 385
209961 385
210111 385
210313 385
210448 386
210625 387
210730 387
210890 387
211156 387
211283 389
211446 389
211487 389
211620 389
211859 389
212023 389
212076 389
212214 389
212361 389
212516 389
212659 391
212812 391
212957 391
213110 391
213270 392
213420 392
213568 393
213711 393
213869 393
214010 393
214164 393
214322 397
215108 432
215452 469
215560 452
216100 514
216252 517
216410 517
216567 518
216734 519
216894 520
217061 520
217213 520
217364 520
217500 520
217663 520
217829 522
217980 522
218122 522
218262 522
218457 522
218569 522
219060 534
220212 558
220350 559
220498 559
220654 559
220809 561
220852 561
220908 561
221060 561
221217 561
221358 561
221509 561
221671 561
221818 563
221966 563
222113 563
222253 563
222413 563
222565 563
222721 564
222864 564
223010 564
223173 565
223313 565
223460 565
223612 565
223759 566
223906 566
224061 566
224211 567
224366 567
224506 567
224655 567
224815 567
224957 567
225105 568
225258 568
225417 569
225563 569
225706 570
225856 570
226008 570
226159 570
226304 570
226458 570
226645 570
226759 571
226910 571
227053 571
227209 572
