164.81 421
307.34 445
457.421 459
606.611 461
756.839 461
906.396 463
1057.29 463
1206.34 464
1356.29 465
1506.62 465
1658.35 465
1806.31 465
1955.76 465
2105.8 467
2255.94 467
2405.78 467
2555.62 467
2705.83 467
2855.8 481
3005.51 493
3155.47 502
3305.06 506
3456.41 506
3605.98 508
3756.86 508
3905.16 509
4055.12 510
4205.08 510
4355.05 510
4505.02 510
4654.6 510
4804.69 510
4954.78 510
5104.74 512
5254.71 512
5404.92 512
5554.63 512
5704.72 512
5854.56 513
6004.52 513
6154.1 514
6304.32 514
6454.29 514
6604.63 514
6754.22 514
6904.18 514
7054.14 514
7203.98 516
7353.7 516
7503.84 516
7654.87 516
7803.84 517
7953.79 517
8103.76 518
8253.72 518
8403.68 518
8553.4 518
8703.61 518
8853.33 518
9003.41 518
9153.38 519
9303.34 520
9453.31 520
9603.51 520
9753.23 520
9902.93 521
10052.8 521
10202.9 522
10353 522
10503.3 522
10652.9 522
10802.8 522
10952.8 522
11102.8 524
11252.4 524
11402.3 524
11552.4 524
11702.8 524
11852.5 524
12002.4 524
12152.4 524
12302.4 526
12452.3 526
12601.9 526
12752.1 526
12902 526
13052.1 526
13202 526
13352 526
13502.1 528
13652.2 528
13801.9 528
13952 528
14101.9 528
14251.9 528
14402 529
14551.9 530
14702.1 530
14851.9 530
15001.8 530
15151.8 531
15301.4 531
15454 531
15601.6 532
15751.5 532
15901.5 532
16051.5 532
16201.4 533
16351.7 534
16501.6 534
16650.9 534
16800.9 534
16951.6 534
17101.1 534
17251 534
17401 535
17551 535
17700.9 536
17851 536
18001.5 536
18150.6 536
18300.7 536
18450.9 537
18600.6 538
18750.5 538
18900.5 538
19050.5 538
19200.1 538
19350 538
19500 538
19650.1 539
19800.2 539
19950.1 540
20100.1 540
20250 540
20400 540
20549.6 541
20699.6 541
20851.4 542
20999.7 542
21149.7 542
21299.7 542
21450.4 543
21599.6 543
21749.6 544
21899.1 544
22049.1 544
22199.1 544
22349.4 544
22499.2 544
22649.2 544
22799.2 545
22949.1 546
23099.1 546
23248.7 546
23398.7 546
23549 546
23698.8 546
23848.8 548
23998.8 548
24149 548
24298.7 548
24448.6 548
24598.2 549
24748.3 550
24898.4 550
25048.4 550
25198.3 550
25348.3 550
25498.3 550
25648.2 550
25798.2 551
25947.8 551
26097.9 552
26248 552
26397.9 552
26547.9 552
26697.8 552
26847.8 552
26997.8 553
27147.7 554
27297.3 554
27447.4 554
27597.5 554
27748.2 554
27897.6 555
28047.4 556
28197.3 556
28347.3 556
28497.3 556
28646.9 556
28797 556
28947.1 557
29097 557
29247 558
29396.9 558
29546.9 558
29697.1 558
29846.5 559
29996.4 559
30146.5 560
30296.6 560
30447.2 560
30624.7 560
30774.4 560
30924.6 561
31074.3 562
31224.1 562
31374.1 562
31524.1 562
31674.1 562
31824.3 562
31975.9 563
32124 563
32273.9 563
32423.9 564
32574.4 564
32723.7 564
32873.5 564
33023.6 564
33174.7 565
33323.5 566
33473.5 566
33623.5 566
33773.4 566
33923.4 566
34073.1 566
34223.5 567
34373.2 567
34523.1 568
34673.1 568
34823.1 568
34973 568
35123.1 569
35272.6 569
35422.7 570
35572.6 570
35722.7 570
35872.7 570
36022.6 570
36172.6 570
36322.6 570
36472.5 572
36622.1 572
36772.2 572
36922.3 572
37072.2 572
37222.2 573
37372.2 573
37522.1 573
37672.1 574
37821.8 574
37971.7 574
38121.6 574
38271.8 574
38421.8 575
38571.8 575
38721.7 576
38871.7 576
39021.7 576
39171.3 576
39321.2 577
39471.2 578
39621.4 578
39771.4 578
39921.3 578
40071.3 578
40221.2 578
40371.2 578
40520.8 579
40670.8 579
40820.7 580
40971.6 580
41120.9 580
41270.9 580
41420.8 580
41570.8 581
41720.7 582
41870.3 582
42020.3 582
42170.4 582
42320.5 582
42470.4 583
42620.4 583
42770.4 584
42920.3 584
43070.3 584
43219.9 584
43369.8 584
43519.9 584
43670 584
43820 584
43972.8 586
44119.9 586
44269.9 586
44419.8 586
44569.4 586
44720 586
44869.6 587
45020.1 588
45169.5 588
45320 588
45469.5 588
45619.4 588
45769.4 588
45919.1 589
46068.9 590
46219.2 590
46369.1 590
46519.3 590
46669 590
46819 590
46969 591
47118.8 592
47268.9 592
47418.5 592
47568.7 592
47718.7 592
47868.6 593
48018.6 593
48168.5 594
48318.5 594
48468.2 594
48618.6 594
48768.3 594
48918.2 594
49068.2 594
49218.2 596
49368.1 596
49518.1 596
49668.1 596
49818 598
49967.6 598
50117.6 598
50267.7 598
50417.8 598
50568 598
50717.9 598
50867.6 598
51017.6 599
51167.9 600
51317.5 600
51467.1 600
51617.3 600
51767.3 600
51917.3 600
52067.6 600
52217.2 602
52367.5 602
52517.1 602
52666.7 602
52817.2 602
52967.1 602
53116.8 604
53267.6 604
53416.8 604
53566.8 604
53717.1 604
53866.3 604
54016.8 606
54168.2 606
54316.4 606
54466.4 606
54617.2 606
54766.3 606
54916.7 606
55066.5 606
55216.2 608
55366.5 608
55516.5 608
55666 608
55816.6 608
55965.9 608
56115.9 608
56266.1 608
56416.5 610
56565.4 610
56715.6 610
56866.1 610
57015.5 610
57165.7 610
57315.4 610
57465.5 611
57616 612
57765.6 612
57915.2 612
58065.4 612
58215.5 612
58365.9 612
58515.4 613
58666.1 614
58815.3 614
58965.4 614
59115.5 614
59264.8 616
59414.9 616
59565.4 616
59715.9 616
59865.2 616
60015.4 616
60164.9 616
60314.8 617
60464.5 617
60614.4 617
60764.5 618
60914.6 618
61064.5 618
61214.5 618
61365.3 618
61514.4 619
61666.8 619
61814 620
61963.9 620
62113.9 620
62264.1 620
62414.1 622
62564 622
62714 622
62864 622
63014.4 622
63163.5 622
63313.5 622
63463.7 622
63613.6 623
63763.6 623
63913.6 624
64063.5 624
64213.8 624
64363.5 624
64513.4 624
64663.2 624
64814.2 625
64963.4 626
65114 626
65263.5 626
65413.4 626
65565.6 626
65713 626
65862.6 627
66012.7 628
66162.5 628
66312.8 628
66462.7 628
66615.2 628
66762.6 629
66912.6 629
67063.3 630
67212.7 630
67362.1 630
67512.3 630
67662.3 630
67814 631
67962.2 632
68112.2 632
68263.3 632
68412.1 632
68561.8 632
68713 632
68864 632
69012.7 633
69162.9 634
69335.6 652
