160.109 22
313.97 24
870.193 26
908.044 27
1193.34 28
1220.08 33
1412.17 34
1536.26 34
1663.23 36
1814.43 36
1958.39 36
2108.65 37
2268.94 37
2411.03 37
2558.62 37
2712.46 37
2859.04 37
3011.26 38
3158.51 39
3309.47 39
3458.65 39
3610.61 39
3758.32 40
3911.92 41
4058.88 41
4208.97 41
4364.46 41
4514.02 41
4658.85 41
4806.69 42
4957.67 42
5108.24 43
5263.99 43
5407.17 43
5565.53 43
5711.22 43
5860.58 43
6011.03 44
6159.51 45
6308.33 45
6457.41 45
6614.91 45
6758.73 45
6909.41 45
7057.65 46
7215.88 46
7361.99 47
7509.52 47
7657 47
7808.79 47
7957.67 48
8117.9 49
8257.23 49
8409.94 49
8558.03 49
8707.75 49
8858.71 49
9005.3 49
9155.51 49
9313.72 50
9458.69 51
9616.01 51
9762.76 51
9909.87 51
10056.9 51
10205.3 52
10354.6 53
10506.9 53
10657.5 53
10805.9 53
10963.1 53
11106.9 54
11258.5 54
11405.8 54
11557 55
11714.3 55
11855.2 55
12007.6 55
12157.5 56
12308.6 57
12456.9 57
12608 57
12754.2 57
12904.1 57
13057.1 57
13206 58
13355.5 58
13506 59
13656.7 59
13807.5 59
13957 59
14106.6 59
14256 59
14409.6 60
14557.6 61
14705.1 61
14856.2 61
15004.8 61
15153.3 61
15305.5 61
15456 61
15604.9 63
15757.6 63
15910.2 63
16058.9 63
16206.1 63
16355.8 63
16505.8 63
16656.4 65
16803.6 65
16954 65
17102.7 65
17254 65
17405.1 66
17552.3 66
17706.5 67
17855 67
18006.6 67
18154.8 67
18303.2 67
18453.5 67
18605.3 67
18756 69
18906.6 69
19053.2 69
19203.9 69
19358.4 69
19503.2 69
19652.2 69
19803.3 71
19951.6 71
20104 71
20257.3 71
20406.1 71
20554.1 72
20701.7 73
20852.4 73
21006.2 73
21152.8 73
21303.5 73
21452.5 73
21602.4 73
21753.8 73
21902.4 74
22052.7 75
22202.8 75
22355.2 75
22502.8 75
22653.3 76
22813.9 77
22965.7 77
23116.6 77
23269.8 77
23414.6 77
23564.6 77
23712.2 78
23861.9 78
24011 78
24164.2 78
24314.8 78
24463.1 78
24613.7 78
24763.9 78
24912.9 78
25062.1 80
25209.8 80
25363.3 80
25511.5 80
25663.8 80
25814.3 81
25961.5 81
26110.5 81
26265.5 81
26409.3 81
26563.8 81
26712.1 81
26865 81
27013.7 83
27164.2 83
27314.9 83
27462.5 83
27623.9 83
27759.1 83
27912.4 84
28060.7 84
28212 84
28361.4 84
28512.4 84
28660.2 84
28812.5 84
28961.3 84
29109.3 84
29260.1 85
29409 86
29559 86
29714.6 86
29869.1 86
30010.7 86
30160.7 87
30310.4 88
30458.8 88
30610.9 88
30759.6 88
30909.8 88
31064.1 89
31216.4 90
31358.3 90
31513.4 90
31663.5 90
31809.2 90
31962.4 90
32111.1 91
32260.7 91
32413 91
32561.8 92
32711.1 92
32858 92
33014.3 92
33160.6 92
33311.4 92
33458.6 93
33608.8 94
33759.1 94
33909.8 94
34060.4 94
34208.8 94
34361.8 95
34507.3 95
34657.8 96
34809.8 96
34961.7 96
35111 96
35258.6 96
35407.2 97
35558 97
35709.5 98
35921.7 98
36013.8 98
36158.3 98
36312.1 100
36457.7 100
36609.3 100
36761.8 100
36909.2 100
37058.7 100
37207 100
37363.7 100
37510 101
37659.3 102
37810.4 102
37959.1 102
38107.2 102
38257.6 102
38406.3 103
38557.6 104
38705.3 104
38858 104
39010.1 104
39156.9 104
39313.7 104
39457.6 104
39609.5 105
39764.4 106
39908.5 106
40056.2 106
40206.9 106
40360.5 106
40507.5 107
40660.2 107
40809.4 108
40958.6 108
41108.8 108
41259.8 108
41405.4 108
41555 108
41706.9 108
41857.5 109
42010.5 109
42155.7 109
42307.3 109
42466 110
42607.8 110
42754 110
42905.5 111
43055.1 111
43208.6 111
43360.6 111
43514.9 111
43655.7 111
43810.2 112
43957.9 112
44103.3 112
44258.8 112
44407.3 112
44559.5 112
44710.1 113
44859 114
45008.5 114
45154.9 114
45308.9 114
45456.1 114
45605.8 115
45755.8 115
45903.3 115
46058.4 116
46205.6 116
46355.5 116
46510.6 116
46655.3 116
46803.2 116
46954.3 117
47106.3 118
47260.7 118
47405.9 118
47559.3 118
47709 118
47854.4 119
48007.6 119
48159.6 119
48303.3 120
48452.6 120
48605.6 120
48752.6 120
48906.4 121
49058.1 121
49204.1 121
49353.1 122
49503.9 122
49654.5 122
49807.9 122
49955.5 123
50104.6 123
50253 123
50406.8 123
50552.9 123
50707.2 123
50853.8 123
51003.2 123
51154.1 124
51303.7 125
51453.4 125
51611.8 125
51753.3 125
51904.7 125
52054.9 127
52203.7 127
52355.4 127
52502.2 127
52652 127
52801.4 127
52952.8 127
53105.5 128
53256.1 128
53406.7 128
53554.5 128
53703.1 128
53852.8 128
54004 128
54151.9 129
54302.3 130
54452.8 130
54602.5 130
54752.1 130
54900.6 130
55050 130
55200.4 130
55355.6 130
55502.6 132
55652 132
55804.1 132
55951.5 132
56106.8 132
56249.9 133
56399.2 134
56557.3 134
56702 134
56852.7 134
57003.3 134
57151.6 134
57306.2 134
57452.7 134
57600.4 134
57749.6 135
57900 135
58054.2 135
58200.5 135
58350.5 135
58501.7 136
58653.7 136
58802 137
58956.1 137
59102.2 137
59249.8 137
59406 138
59552.1 139
59700.4 139
59855.9 139
60004.3 139
60151.9 139
60302.1 139
60451.5 139
60599.1 141
60753.5 141
60902.6 141
61057.2 141
61200.7 141
61350.6 141
61499.3 141
61650.1 142
61801 143
61950.4 143
62102.7 143
62250.5 143
62399.1 144
62551.6 145
62699.7 145
62851.4 145
63009.4 145
63147.7 145
63301.3 145
63449.9 145
63598.7 145
63752.7 146
63904.4 146
64049.7 147
64197.8 147
64349.3 147
64499.1 147
64648.7 148
64800.7 148
64953.2 149
65102 149
65248.2 149
65399.6 149
65549.2 149
65700.4 149
65854.3 150
65998.1 151
66146.7 151
66299.9 151
66450 151
66600.5 151
66748.3 151
66902.5 152
67054 152
67201.7 152
67352.7 152
67502.5 152
67648.1 152
67801.2 153
67948.8 154
68102.1 154
68249.1 154
68396.8 154
68545.1 154
68696.5 154
68846.8 154
68999.1 156
69158.3 156
69299.7 156
69449.5 156
69600.4 156
69750.2 156
69896 157
70047.2 158
70195 158
70346.9 158
70497.8 158
70646.2 158
70798.7 158
70950.5 158
71102.4 160
71247.7 160
71396.1 160
71547.1 160
71702.1 160
71847.7 160
71995.3 160
72148.6 160
72297.1 161
72449.4 161
72598.6 161
72746.3 161
72896.6 162
73045.3 162
73196.4 163
73350.4 163
73500.7 163
73650.6 163
73799.7 163
73951 163
74098 163
74248.1 164
74394.1 165
74552.6 165
74695.7 165
74854.8 165
74993.9 165
75146.5 165
75294.4 166
75444.6 167
75594.3 167
75747.4 167
75895.2 167
76049.8 167
76195.1 168
76346.4 168
76494.8 169
76644.3 169
76793.4 169
76948.1 169
77097.8 169
77246.9 169
77394.5 170
77546.8 171
77696.3 171
77849.9 171
77995.6 171
78143.8 171
78294 171
78446.3 172
78593.3 172
78744.5 172
78894.6 172
79045.8 172
79198.5 172
79343.6 173
79492.9 173
79645.7 173
79794.1 174
79945.1 174
80095.7 174
80244.9 174
80400 174
80549.1 176
80696.1 176
80845.3 176
80992.7 176
81144.4 176
81296.1 176
81442.1 177
81595.4 178
81744.4 178
81903.9 178
82043.1 178
82192.2 178
82342.1 179
82491.6 179
82644.2 180
82794.3 180
82943.7 180
83093.8 180
83241.5 180
83391.9 180
83547 180
83693.7 181
83847.2 182
83991.5 182
84145.1 182
84298.2 182
84443.1 183
84593.7 184
84745.4 184
84891.1 184
85042.6 184
85191.6 184
85342.4 184
85490.2 184
85641.7 184
85792.4 184
85944.4 185
86093.7 185
86243.7 185
86395.9 185
86542.1 185
86691.9 186
86842.3 186
86993.9 187
87141.3 187
87295.3 187
87441.3 187
87591.8 187
87744.7 188
87891.9 188
88043 189
88195.2 189
88342.3 189
88491.1 189
88643.6 189
88790.5 189
88941.7 190
89088.4 191
89239.9 191
89400 191
89540 191
89695 192
89841.8 192
89990.3 192
90142.1 193
90288.9 193
90439.4 193
90590.4 193
90741.2 193
90895.1 194
91042.8 194
91191.1 194
91338.7 194
91491 194
91637.4 194
91794.8 195
91940.9 196
92091.1 196
92239.3 196
92391.3 196
92539.9 196
92690.5 196
92842.8 197
92988 197
93138.4 198
93287.2 198
93438.9 198
93589.2 198
93741 198
93897.2 199
94037.5 199
94190.4 200
94337.3 200
94486.9 200
94636.9 200
94789.3 200
94940.5 200
95092.8 200
95238.7 201
95387.4 201
95537.6 201
95688.5 201
95846.5 201
95989.2 201
96138.5 201
96292.7 201
96438.6 202
96587.6 202
96741 202
96890.4 202
97037.5 202
97187.5 202
97339.7 203
97487.9 204
97637.9 204
97788.1 204
97939.7 204
98089.6 204
98240.9 204
98385.6 206
98536.2 206
98685.6 206
98837.4 206
99058.1 206
99224.5 206
99384.4 207
99538.1 208
99681.3 208
99824.5 208
99981.2 208
100135 208
100211 209
100341 209
100487 210
100636 210
100791 210
100938 210
101086 210
101238 210
101386 211
101537 211
101690 212
101837 212
101987 212
102139 212
102292 213
102437 214
102586 214
102735 214
102885 214
103037 214
103185 214
103337 214
103485 215
103638 215
103788 216
103934 216
104085 216
104236 216
104387 217
104535 218
104687 218
104836 218
104985 218
105137 218
105285 218
105437 218
105586 219
105735 219
105886 219
106034 219
106191 219
106337 219
106487 219
106635 221
106785 221
106935 221
107088 221
107237 221
107387 221
107533 221
107685 221
107834 221
107984 223
108134 223
108284 223
108438 223
108584 223
108739 223
108882 224
109033 225
109215 225
109362 225
109510 225
109662 225
109812 226
109965 226
110118 227
110262 227
110410 227
110561 227
110711 228
110862 229
111010 229
111162 229
111312 229
111463 229
111613 229
111760 229
111912 229
112059 231
112209 231
112361 231
112512 231
112663 231
112809 231
112960 233
113110 233
113260 233
113409 233
113559 233
113716 233
113859 233
114012 233
114164 235
114313 235
114460 235
114616 235
114758 235
114909 235
115060 235
115213 235
115362 237
115509 237
115662 237
115812 237
115960 237
116114 239
116258 239
116413 239
116561 239
116712 239
116861 239
117010 240
117159 241
117314 241
117458 241
117610 241
117759 241
117910 241
118059 241
118207 242
118359 243
118509 243
118658 243
118807 243
118958 243
119107 243
119258 244
119409 244
119558 245
119707 245
119861 245
120010 245
120158 246
120306 247
120457 247
120607 247
120759 247
120907 247
121057 247
121210 247
121358 247
121507 248
121658 249
121809 249
121958 249
122108 249
122264 249
122408 249
122559 250
122708 251
122858 251
123006 251
123159 251
123307 251
123463 251
123612 252
123758 253
123906 253
124058 253
124207 253
124357 254
124507 254
124655 254
124807 254
124959 254
125106 254
125258 254
125409 254
125561 255
125704 255
125855 255
126005 255
126157 255
126306 255
126457 255
126606 256
126761 257
126909 257
127054 257
127208 257
127356 257
127506 257
127657 258
127807 259
127960 259
128104 259
128257 259
128407 259
128554 259
128706 260
128857 261
129007 261
129159 261
129305 261
129457 261
129606 261
129754 262
129904 263
130053 263
130211 263
130355 263
130510 263
130656 263
130804 263
130957 264
131104 264
131253 264
131404 264
131556 264
131704 265
131853 266
132009 266
132156 266
132306 266
132454 266
132602 266
132754 268
132907 268
133056 268
133204 268
133355 268
133504 268
133653 268
133804 269
133952 269
134105 270
134259 270
134412 270
134555 270
134705 270
134853 270
135003 270
135152 270
135307 271
135452 271
135601 271
135754 271
135903 272
136055 273
136202 273
136355 273
136501 273
136652 273
136801 273
136953 273
137103 274
137254 275
137401 275
137553 275
137706 275
137850 275
138003 275
138151 275
138303 275
138455 277
138604 277
138753 277
138901 277
139057 278
139202 279
139354 279
139500 279
139651 279
139802 279
139952 279
140103 279
140252 280
140404 280
140550 280
140702 280
140853 280
141003 280
141152 280
141303 280
141453 281
141600 281
141751 281
141900 281
142050 281
142199 281
142351 281
142502 282
142653 283
142803 283
142950 283
143101 283
143253 283
143401 283
143550 284
143704 284
143850 284
144002 284
144149 284
144303 284
144453 284
144599 285
144750 286
144902 286
145054 286
145202 286
145352 286
145504 287
145652 288
145802 288
145950 288
146098 288
146250 288
146399 288
146548 288
146700 289
146849 290
146999 290
147149 290
147299 290
147448 290
147598 290
147752 291
147900 292
148048 292
148200 292
148349 292
148501 292
148647 292
148801 292
148949 293
149097 293
149250 293
149402 293
149549 294
149700 295
149850 295
149997 295
150150 295
150298 295
150448 295
150599 296
150748 296
150899 297
151049 297
151199 297
151353 297
151495 297
151646 298
151797 298
151952 298
152100 299
152246 299
152401 299
152549 299
152698 299
152847 300
152997 301
153149 301
153301 301
153447 301
153599 301
153748 302
153896 302
154050 303
154200 303
154351 303
154498 303
154645 303
154797 305
154952 305
155097 305
155247 305
155398 305
155547 305
155697 305
155847 305
155999 306
156148 307
156298 307
156445 307
156599 307
156746 307
156897 309
157044 309
157195 309
157347 309
157495 309
157645 309
157797 309
157948 310
158103 311
158245 311
158398 311
158544 311
158694 311
158844 311
158995 311
159146 312
159296 313
159447 313
159595 313
159745 313
159895 313
160045 313
160197 314
160344 314
160494 315
160647 315
160796 315
160943 315
161093 315
161244 316
161399 317
161542 317
161694 317
161844 317
161996 317
162144 317
162292 319
162443 319
162597 319
162745 319
162894 319
163043 319
163194 320
163346 320
163495 321
163645 321
163795 321
163952 321
164096 321
164246 321
164396 321
164550 323
164694 323
164845 323
164997 323
165144 323
165293 323
165444 323
165593 325
165743 325
165896 325
166042 325
166196 325
166341 326
166493 326
166641 327
166793 327
166945 327
167096 327
167243 327
167395 327
167544 328
167694 328
167841 329
167993 329
168144 329
168293 329
168449 329
168593 329
168743 331
168892 331
169048 331
169190 331
169345 331
169490 331
169644 332
169794 332
169942 333
170090 333
170241 333
170398 333
170540 335
170693 335
170841 335
170990 335
171142 335
171291 335
171443 335
171592 335
171739 336
171891 337
172041 337
172191 337
172343 337
172489 337
172645 337
172792 337
172940 338
173094 339
173238 339
173390 339
173542 339
173689 339
173842 339
173992 341
174144 341
174292 341
174439 341
174588 341
174740 343
174891 343
175040 343
175193 343
175341 343
175492 343
175639 343
175788 343
175937 345
176094 345
176239 345
176394 345
176539 345
176691 345
176838 346
176988 347
177139 347
177287 347
177437 347
177592 347
177741 347
177890 347
178043 348
178191 349
178339 349
178489 349
178639 349
178787 349
178937 350
179091 350
179238 351
179392 351
179541 351
179689 351
179845 351
179986 352
180140 353
180290 353
180436 353
180589 353
180739 353
180888 353
181038 354
181190 354
181338 355
181487 355
181638 355
181787 355
181937 355
182088 357
182239 357
182386 357
182538 357
182686 357
182837 357
182987 358
183140 359
183288 359
183437 359
183586 359
183736 359
183887 359
184039 359
184185 360
184337 360
184487 360
184639 361
184786 361
184937 361
185088 361
185237 361
185384 362
185536 363
185690 363
185837 363
185988 363
186137 363
186287 363
186437 364
186586 365
186735 365
186885 365
187043 365
187187 365
187337 365
187489 366
187635 367
187787 367
187935 367
188087 367
188234 367
188384 367
188535 368
188684 369
188836 369
188984 369
189134 369
189285 369
189440 369
189584 369
189733 370
189885 371
190037 371
190188 371
190334 371
190484 372
190637 372
190786 373
190935 373
191088 373
191235 373
191387 374
191534 374
191684 375
191835 375
191984 375
192135 375
192282 375
192436 376
192583 376
192734 376
192883 377
193035 377
193189 377
193335 377
193483 378
193633 378
193783 379
193937 379
194084 379
194235 379
194385 379
194535 379
194683 380
194834 380
194981 381
195132 381
195284 381
195445 381
195611 381
195762 381
195914 382
196064 383
196212 383
196361 383
196509 383
196661 384
196810 384
196966 384
197114 384
197260 384
197411 384
197561 384
197709 385
197861 386
198009 386
198160 386
198313 386
198462 386
198610 386
198760 386
198910 386
199058 386
199209 387
199363 387
199510 387
199661 387
199817 387
199959 388
200110 388
200259 389
200407 389
200558 389
200709 389
200858 389
201011 389
201160 390
201310 391
201462 391
201609 391
201759 391
201911 391
202057 393
202208 393
202360 393
202507 393
202658 393
202811 393
202961 394
203112 394
203259 394
203413 395
203559 395
203707 395
203858 395
204008 396
204161 397
204307 397
204457 397
204606 397
204760 397
204911 397
205060 397
205207 399
205358 399
205510 399
205661 399
205808 399
205956 399
206106 399
206258 400
206409 400
206558 401
206708 401
206858 401
207009 401
207159 401
207306 402
207456 402
207608 403
207758 403
207912 403
208062 403
208208 403
208359 403
208510 404
208656 404
208805 404
208955 404
209108 404
209256 405
209407 406
209557 406
209707 406
209856 406
210006 406
210157 406
210305 406
210456 406
210610 408
210756 408
210908 408
211056 408
211208 408
211355 408
211507 408
211685 409
211871 409
212011 409
212116 409
212515 409
212647 410
212765 410
212897 411
213010 411
213243 411
213327 411
213459 411
213611 412
213758 413
213904 413
214054 413
214208 413
214366 413
214507 413
214656 415
214807 415
214957 415
215112 415
215256 415
215402 415
215554 415
215726 438
215859 454
216011 457
216157 458
216308 468
216456 478
216605 484
216761 496
216903 509
217059 520
217207 526
217354 528
217512 529
217655 530
217807 530
217954 532
218105 532
218255 532
218403 532
218661 533
218705 533
218871 533
219012 533
219156 534
219310 534
219472 534
219754 534
219942 535
220056 546
220204 549
220353 550
220504 567
220656 569
220807 570
220951 571
221102 571
221254 572
221401 572
221553 572
221702 572
221855 572
222005 572
222154 573
222301 573
222453 574
222602 574
222757 574
222902 574
223051 574
223202 575
223356 575
223503 576
223651 576
223802 576
223955 576
224118 576
224257 576
224405 576
224555 577
224710 577
224852 577
225005 577
225154 577
225301 577
225458 577
225602 579
225751 579
225902 579
226053 579
226204 579
226354 579
226502 580
226651 581
226800 581
226957 581
227107 581
227253 581
227402 581
227551 583
227712 583
227923 583
228000 583
228151 583
228302 583
228454 583
