152.793 18
302.523 19
452.355 24
602.358 32
752.33 34
902.566 34
1052.81 43
1202.8 47
1352.41 49
1502.52 55
1651.89 61
1802.14 63
1952.12 64
2102.12 65
2252.49 65
2402.36 74
2552.09 86
2702.2 91
2852.07 102
3002.11 115
3151.79 128
3301.79 140
3451.91 151
3602.28 153
3751.89 153
3902 155
4052.25 155
4201.87 156
4352.22 157
4502.67 169
4654.84 171
4801.7 173
4952.07 176
5101.69 201
5252.43 207
5402.92 214
5553.28 226
5705.06 234
5852.26 244
6001.51 252
6151.87 254
6301.99 265
6451.48 276
6601.6 290
6752.59 307
6901.84 325
7051.07 339
7201.06 344
7351.3 357
7501.29 363
