-1551.27 0.0
-1389.38 0.8235294117647058
-937.774 0.64
256.231 0.0
419.643 2.3333333333333335
572.483 2.0526315789473686
720.193 1.8695652173913044
868.659 1.7407407407407407
1021.4 1.6451612903225807
1165.72 1.5714285714285714
1318.05 1.5128205128205128
1476.51 1.4651162790697674
1623.23 1.425531914893617
1766.97 1.392156862745098
1915.03 1.3636363636363635
2071.36 1.3389830508474576
2213.95 1.3174603174603174
2365.8 1.2985074626865671
2520.25 1.2816901408450705
2667.97 1.2666666666666666
2819.06 1.2531645569620253
2971.77 1.2409638554216869
3117.36 1.2298850574712643
3264.57 1.2197802197802199
3415.07 1.2105263157894737
3563 1.202020202020202
3716.09 1.1941747572815533
3868.95 1.1869158878504673
4015.89 1.1801801801801801
4168.5 1.173913043478261
4316.7 1.1680672268907564
4464.4 1.1626016260162602
4621.87 1.1574803149606299
4761.71 1.1526717557251909
4915.2 1.1481481481481481
5068.88 1.143884892086331
5211.1 1.1398601398601398
5371.81 1.1360544217687074
5513.15 1.1324503311258278
5666.11 1.1290322580645162
5824.48 1.1257861635220126
5960.17 1.1226993865030674
6110.88 1.1197604790419162
6266.59 1.1169590643274854
6419.06 1.1142857142857143
6574.92 1.111731843575419
6712.23 1.1092896174863387
6871.82 1.106951871657754
7017.91 1.1047120418848169
7168.4 1.1025641025641026
7316.49 1.100502512562814
7463.92 1.0985221674876848
7614.01 1.0966183574879227
7764.48 1.09478672985782
7914.81 1.0930232558139534
8061.18 1.091324200913242
8222.74 1.0896860986547086
8367.23 1.0881057268722467
8514.19 1.0865800865800865
8672.16 1.0851063829787233
8822.34 1.0836820083682008
8967.93 1.0823045267489713
9111.03 1.0809716599190284
9267.39 1.0796812749003983
9412.23 1.0784313725490196
9578.53 1.0772200772200773
9723.03 1.0760456273764258
9862.09 1.0749063670411985
10011.8 1.0738007380073802
10164.4 1.0727272727272728
10318.9 1.07168458781362
10463.7 1.0706713780918728
10617.2 1.0696864111498259
10772.7 1.0687285223367697
10922.8 1.0677966101694916
11068.1 1.0668896321070234
11212.8 1.066006600660066
11361.9 1.0651465798045603
11513.7 1.0643086816720257
11661.3 1.0634920634920635
11818.1 1.0626959247648904
11963.9 1.061919504643963
12115.5 1.0611620795107033
12270.1 1.0604229607250755
12413.2 1.0597014925373134
12572.8 1.0589970501474926
12716 1.0583090379008746
12858.7 1.057636887608069
13009.9 1.056980056980057
13160.2 1.056338028169014
13318.5 1.0557103064066853
13461.5 1.0550964187327823
13609.7 1.0544959128065394
13762 1.0539083557951483
13917.2 1.0533333333333332
14068.2 1.0527704485488127
14205.5 1.052219321148825
14359.6 1.0516795865633075
14514.2 1.051150895140665
14667.7 1.0506329113924051
14810.6 1.050125313283208
14963.3 1.0496277915632755
15112.1 1.049140049140049
15270.4 1.048661800486618
15422.2 1.0481927710843373
15558.1 1.0477326968973748
15723.2 1.0472813238770686
15856.4 1.0468384074941453
16013.7 1.0464037122969838
16157.4 1.0459770114942528
16314.6 1.0455580865603644
16464 1.0451467268623025
16617.2 1.0447427293064877
16763.7 1.0443458980044347
16910.2 1.043956043956044
17064.5 1.0435729847494553
17214 1.043196544276458
17361.7 1.0428265524625269
17516.6 1.0424628450106157
17664.6 1.0421052631578946
17810.8 1.0417536534446765
17961.1 1.041407867494824
18110.4 1.0410677618069815
18259.5 1.0407331975560081
18410.6 1.0404040404040404
18562.2 1.0400801603206413
18708.7 1.0397614314115309
18865.4 1.039447731755424
19015.7 1.0391389432485323
19168.2 1.0388349514563107
19321.5 1.0385356454720616
19459.9 1.0382409177820269
19608.6 1.0379506641366223
19758 1.0376647834274952
19910.3 1.0373831775700935
20063.8 1.0371057513914657
20209.6 1.0368324125230202
20360.9 1.036563071297989
20504.4 1.0362976406533575
20659.1 1.0360360360360361
20806.7 1.035778175313059
20957 1.0355239786856127
21110.2 1.035273368606702
21254.6 1.0350262697022767
21413.4 1.0347222222222223
21582.7 1.0344827586206897
21720.5 1.0342465753424657
21864.9 1.034013605442177
22016 1.0337837837837838
22167.1 1.0335570469798658
22331 1.0333333333333334
22471.4 1.033112582781457
22617.4 1.0328947368421053
22765.8 1.0326797385620916
22921.5 1.0324675324675325
23071 1.032258064516129
23216.4 1.0320512820512822
23376.8 1.0318471337579618
23517.7 1.0316455696202531
23672.5 1.0314465408805031
23814.9 1.03125
23965.4 1.031055900621118
24128 1.0308641975308641
24267.2 1.030674846625767
24421.9 1.0304878048780488
24570 1.0303030303030303
24720.6 1.0301204819277108
24875 1.029940119760479
25019.9 1.0297619047619047
25168.5 1.0295420974889218
25328.4 1.0293685756240822
25471.6 1.0291970802919708
25629.1 1.0290275761973875
25765.2 1.028860028860029
25924 1.0286944045911048
26067.2 1.028530670470756
26221.2 1.0283687943262412
26377.1 1.0282087447108603
26519.5 1.0280504908835906
26669.5 1.0278940027894004
26820.5 1.027739251040222
26973.4 1.0275862068965518
27123.9 1.027434842249657
27268.9 1.0272851296043657
27433 1.0271370420624153
27570.6 1.0269905533063428
27715.9 1.0268456375838926
27869.2 1.026702269692924
28018.3 1.0265604249667994
28165.5 1.0264200792602378
28319 1.026281208935611
28464.1 1.026143790849673
28615.7 1.0260078023407022
28771.6 1.0258732212160413
28916.5 1.0257400257400258
29068.6 1.025608194622279
29218.7 1.0254777070063694
29363.6 1.0253485424588087
29516.4 1.025220680958386
29666.2 1.0250941028858218
29815.4 1.024968789013733
29980.7 1.0248447204968945
30121.5 1.0247218788627936
30266.9 1.0246002460024601
30422.5 1.0244798041615668
30571.2 1.0243605359317904
30720.6 1.0242424242424242
30870.5 1.0241254523522316
31019.6 1.0240096038415367
31166.2 1.02389486260454
31330.4 1.0237812128418549
31471.3 1.0236686390532543
31618.3 1.0235571260306242
31779.5 1.0234466588511137
31918.2 1.0233372228704785
32071.8 1.0232288037166086
32224.3 1.023121387283237
32370.2 1.0230149597238205
32528.9 1.0229095074455898
32674.6 1.0228050171037628
32814.5 1.0227014755959138
32966.1 1.0225988700564972
33129.6 1.0224971878515186
33271.3 1.0223964165733483
33426.3 1.0222965440356744
33563.7 1.0221975582685905
33723.4 1.022099447513812
33873.1 1.022002200220022
34021.2 1.0219058050383352
34167.4 1.0218102508178843
34321.8 1.02171552660152
34475.3 1.0216216216216216
34623.6 1.0215285252960171
34774.7 1.0214362272240085
34925.1 1.0213447171824974
35079.2 1.0212539851222104
35229 1.0211640211640212
35378.1 1.0210748155953635
35520.7 1.0209863588667367
35670.1 1.0208986415882968
35823.7 1.0208116545265349
35967.3 1.0207253886010363
36114 1.020639834881321
36271.4 1.0205549845837616
36422.7 1.0204708290685773
36568.2 1.020387359836901
36717 1.0203045685279188
36869.5 1.0202224469160768
37030.7 1.0201409869083584
37175.6 1.020060180541625
37317.7 1.01998001998002
37462.2 1.0199004975124377
37613.9 1.0198216055500495
37772.8 1.0197433366238895
37920.1 1.0196656833824975
38067.6 1.019588638589618
38217.5 1.0195121951219512
38374.6 1.0194363459669582
38513.8 1.0193610842207164
38667.7 1.0192864030858244
38814.7 1.0192122958693564
38962.1 1.0191387559808613
39136.5 1.01906577693041
39267.1 1.0189933523266856
39416.3 1.0189214758751182
39566.6 1.0188501413760602
39719.9 1.0187793427230047
39878.5 1.018709073900842
40012.1 1.0186393289841567
40162.5 1.0185701021355618
40318 1.0185013876040703
40471.5 1.0184331797235022
40610.7 1.0183654729109275
40764.4 1.0182982616651417
40917 1.0182315405651778
41064.9 1.0181653042688465
41215.4 1.0180995475113122
41359.6 1.018034265103697
41513.6 1.0179694519317162
41664.8 1.017905102954342
41812.9 1.0178412132024979
41980.2 1.0177777777777777
42113.1 1.0177147918511957
42268.1 1.0176522506619594
42425.1 1.017590149516271
42570.5 1.0175284837861525
42713.7 1.017467248908297
42857.8 1.0174064403829417
43014.6 1.0173310225303294
43161.9 1.0172711571675301
43314 1.0172117039586919
43473.1 1.0171526586620927
43616.6 1.017094017094017
43773.2 1.0170357751277683
43927.1 1.0169779286926994
44061.2 1.0169204737732656
44218.8 1.0168634064080944
44368.6 1.0168067226890756
44529.4 1.016750418760469
44666.8 1.01669449081803
44822.1 1.016638935108153
44971.9 1.0165837479270314
45126.2 1.0165289256198347
45269.2 1.016474464579901
45410 1.0164203612479474
45568.6 1.0163666121112929
45716.3 1.0163132137030995
45864.7 1.016260162601626
46015 1.0162074554294975
46165.1 1.0161550888529887
46315 1.0161030595813205
46460 1.0160513643659712
46618.9 1.016
46760.5 1.0159489633173844
46907.4 1.0158982511923689
47062.8 1.0158478605388273
47222.8 1.0157977883096367
47363.4 1.015748031496063
47510.2 1.0156985871271587
47662.3 1.0156494522691706
47818.6 1.015600624024961
47968.3 1.015552099533437
48113.9 1.0155038759689923
48257.2 1.0154559505409582
48405.7 1.0154083204930662
48566.1 1.0153609831029187
48711.6 1.0153139356814702
48864.3 1.015267175572519
49014.1 1.0152207001522071
49169.7 1.015174506828528
49313.6 1.0151285930408471
49464.4 1.0150829562594268
49606.6 1.0150375939849625
49765.4 1.014992503748126
49912.9 1.014947683109118
50061.4 1.014903129657228
50215.3 1.0148588410104011
50371.6 1.0148038490007403
50515.8 1.014760147601476
50662.4 1.0147167034584252
50807.6 1.0146735143066765
50967.1 1.0146305779078273
51109 1.0145878920495988
51269.2 1.0145454545454546
51406.6 1.0145032632342277
51575.9 1.0144613159797542
51719.2 1.014419610670512
51859.7 1.0143781452192666
52014 1.014336917562724
52160.4 1.0142959256611865
52314.2 1.014255167498218
52462.4 1.0142146410803128
52614.3 1.0141743444365698
52763.1 1.0141342756183747
52910.7 1.014094432699084
53056.5 1.0140548137737175
53209.6 1.0140154169586546
53359.7 1.0139762403913348
53507.3 1.0139372822299653
53655 1.0138985406532315
53811 1.0138600138600138
53960.6 1.0138217000691085
54113.8 1.0137835975189524
54261.7 1.013745704467354
54410.2 1.0137080191912269
54555.4 1.0136705399863295
54707.4 1.0136332651670075
54859.8 1.0135961930659416
55011.8 1.0135593220338983
55156.6 1.013522650439486
55316.5 1.0134861766689143
55457.7 1.0134498991257566
55621.7 1.0134138162307176
55764 1.0133779264214047
55910.7 1.0133422281521014
56062.8 1.0133067198935461
56209.6 1.013271400132714
56354.3 1.013236267372601
56507.2 1.0132013201320131
56660 1.0131665569453587
56804.5 1.0131319763624425
56971 1.0130975769482646
57110.3 1.0130633572828216
57263 1.013029315960912
57405.6 1.0129954515919428
57560 1.0129617627997407
57704.4 1.0129282482223658
57859.8 1.0128949065119277
58004.6 1.0128617363344052
58158.3 1.0128287363694677
58306.8 1.0127959053103006
58463 1.0127632418634334
58608.5 1.0127307447485678
58769.4 1.0126984126984127
58908 1.012666244458518
59056.7 1.012634238787113
59203.3 1.0126023944549465
59366.9 1.012570710245129
59515.6 1.0125391849529781
59659.4 1.0125078173858661
59807.5 1.0124766063630692
59958 1.0124455507156191
60119.2 1.0124146492861577
60257.4 1.0123839009287925
60407.2 1.012353304508956
60562.6 1.0123228589032656
60707.2 1.0122925629993853
60861.4 1.0122624156958921
61014.7 1.0122324159021407
61156.9 1.012202562538133
61310.2 1.0121728545343882
61468 1.0121432908318153
61611.1 1.0121138703815868
61758.8 1.012084592145015
61908 1.0120554550934298
62053 1.0120264582080578
62210.2 1.011997600479904
62356.8 1.011968880909635
62507.7 1.0119402985074626
62665.2 1.0119118522930315
62806.6 1.011883541295306
62956.6 1.01185536455246
63106.3 1.011827321111768
63253.7 1.0117994100294985
63414.9 1.0117716303708064
63577.7 1.01174398120963
63704.7 1.011716461628588
63863.1 1.011689070718878
64005.2 1.0116618075801749
64156.5 1.0116346713205353
64302.3 1.0116076610562972
64461.6 1.0115807759119861
64607.2 1.0115473441108545
64753.6 1.0115207373271888
64904.8 1.0114942528735633
65055.7 1.011467889908257
65211.2 1.011441647597254
65358.8 1.0114155251141552
65507.4 1.0113895216400912
65660.1 1.0113636363636365
65813.7 1.0113378684807257
65955 1.01131221719457
66109.8 1.0112866817155757
66254.7 1.0112612612612613
66406.1 1.0112359550561798
66554.1 1.0112107623318385
66714.4 1.0111856823266219
66858.3 1.0111607142857142
67005.5 1.0111358574610245
67153 1.011111111111111
67304.7 1.0110864745011086
67454.2 1.011061946902655
67608.3 1.011037527593819
67761 1.0110132158590308
67910.8 1.010989010989011
68054.1 1.0109649122807018
68202.6 1.0109409190371992
68355.2 1.0109170305676856
68507 1.0108932461873639
68657 1.0108695652173914
68801.3 1.0108459869848156
68950.4 1.0108225108225108
69104.2 1.0107991360691144
69255.4 1.0107758620689655
69407.6 1.010752688172043
69563.6 1.0107296137339057
69701.7 1.0107066381156318
69849.9 1.0106837606837606
70007.9 1.0106609808102345
70163.5 1.0106382978723405
70304.6 1.010615711252654
70459 1.0105932203389831
70610 1.0105708245243128
70756.8 1.010548523206751
70905.7 1.0105263157894737
71066 1.0105042016806722
71201.1 1.0104821802935011
71350.3 1.0104602510460252
71506.8 1.010438413361169
71657.9 1.0104166666666667
71802.6 1.0103950103950103
71963 1.0103734439834025
72101 1.010351966873706
72260.7 1.0103305785123966
72411.3 1.0103092783505154
72558 1.0102880658436213
72705.6 1.0102669404517455
72854.3 1.0102459016393444
73001 1.0102249488752557
73160.2 1.010204081632653
73311.7 1.010183299389002
73450.2 1.0101626016260163
73608.3 1.0101419878296145
73759.6 1.0101214574898785
73906.8 1.0101010101010102
74050 1.0100806451612903
74202 1.0100603621730382
74350.6 1.0100401606425702
74502.8 1.0100200400801602
74662.9 1.01
74799.2 1.0099800399201597
74957.7 1.0099601593625498
75101.1 1.0099403578528827
75246.4 1.0099206349206349
75401.3 1.00990099009901
75557.7 1.0098765432098766
75700.2 1.0098570724494824
75860 1.0098376783079193
76001.3 1.0098183603338242
76151.5 1.0097991180793728
76305.5 1.0097799511002445
76450.2 1.009760858955588
76607.3 1.0097418412079884
76745.1 1.0097228974234322
76901.5 1.009704027171276
77051.6 1.0096852300242132
77202.9 1.0096665055582408
77357.4 1.009647853352629
77501.3 1.0096292729898892
77650.4 1.0096107640557423
77801.2 1.0095923261390887
77951.8 1.009573958831977
78099.7 1.0095556617295747
78252.4 1.0095374344301382
78397.4 1.0095192765349834
78552.2 1.009501187648456
78711.4 1.0094831673779041
78855.3 1.0094652153336487
79008.2 1.009447331128956
79147.9 1.0094295143800094
79299.2 1.0094117647058825
79449 1.009394081728511
79604.8 1.0093764650726675
79750 1.0093589143659336
79903.7 1.0093414292386735
80055.3 1.0093240093240092
80212 1.0093066542577944
80359 1.009289363678588
80523.8 1.009272137227631
80655.2 1.00925497454882
80799.5 1.0092378752886837
80956.1 1.0092208390963577
81100.4 1.0092038656235618
81250.2 1.009186954524575
81406.4 1.0091701054562128
81548.1 1.0091533180778032
81700.3 1.009136592051165
81846.6 1.0091199270405837
81998.8 1.0091033227127901
82150.4 1.0090867787369378
82294.3 1.0090702947845804
82445 1.0090538705296515
82598.4 1.009037505648441
82746.5 1.009021199819576
82901 1.0090049527239981
83045.7 1.0089887640449438
83198.8 1.0089726334679228
83362.3 1.0089565606806987
83493.1 1.0089405453732678
83648.3 1.0089245872378403
83797.2 1.0089086859688197
83955.6 1.0088928412627836
84108.4 1.0088770528184643
84247 1.0088613203367303
84406 1.0088456435205662
84545.2 1.0088300220750552
84698.3 1.0088144557073602
84849.9 1.008798944126705
84995.9 1.0087834870443566
85154.3 1.008768084173608
85299.9 1.0087527352297594
85452.6 1.0087374399301006
85606.6 1.0087221979938945
85746.7 1.0087070091423596
85896.1 1.0086918730986527
86044.4 1.0086767895878526
86199.1 1.0086580086580086
86346.7 1.0086430423509076
86494.1 1.0086281276962898
86650.5 1.0086132644272179
86800.3 1.0085984522785898
86945.3 1.0085836909871244
87102.1 1.0085689802913453
87249.8 1.0085543199315654
87398 1.0085397096498718
87546.2 1.0085251491901108
87697.6 1.0085106382978724
87846.8 1.0084961767204759
87997.2 1.008481764206955
88154.1 1.008467400508044
88298.1 1.0084530853761624
88449.1 1.0084388185654007
88599.7 1.008424599831508
88751.8 1.0084104289318756
88890.3 1.0083963056255247
89046.2 1.008382229673093
89190.7 1.00836820083682
89345.8 1.0083542188805348
89494.5 1.0083402835696413
89648.6 1.0083263946711074
89800.8 1.0083125519534497
89947.4 1.008298755186722
90099.9 1.008285004142502
90240.1 1.0082712985938793
90396.3 1.0082576383154418
90551.9 1.0082440230832646
90694 1.008230452674897
90843.4 1.0082169268693508
90994.4 1.0082034454470878
91142.5 1.0081900081900081
91293 1.008176614881439
91452.9 1.0081632653061225
91597.2 1.0081499592502037
91750.5 1.0081366965012204
91894.5 1.008123476848091
92047.3 1.008110300081103
92204.1 1.008097165991903
92347.3 1.0080840743734842
92494.3 1.0080710250201776
92649.6 1.008058017727639
92812.2 1.00804505229284
92945.2 1.0080321285140563
93093.9 1.0080192461908581
93244.7 1.0080064051240993
93396.6 1.0079936051159073
93547.3 1.0079808459696729
93699.1 1.0079681274900398
93845.6 1.0079554494828957
94002.3 1.0079428117553615
94144.2 1.007930214115781
94293.2 1.0079176563737133
94442.2 1.007905138339921
94594.3 1.0078926598263616
94744 1.007880220646178
94901.3 1.00786782061369
95049.9 1.0078554595443834
95196.5 1.007843137254902
95345 1.0078308535630385
95498.8 1.0078186082877247
95646.6 1.0078064012490242
95800.3 1.0077942322681215
95942.7 1.0077821011673151
96097.9 1.0077700077700078
96247.1 1.0077579519006983
96392.4 1.007745933384973
96545.5 1.0077339520494972
96696.1 1.0077220077220077
96844.1 1.007710100231303
96994.1 1.0076982294072363
97145.9 1.0076863950807071
97297.4 1.0076745970836531
97447.7 1.0076628352490422
97651.6 1.0076511094108647
97844.4 1.0076394194041254
98006.8 1.007627765064836
98167.9 1.0076161462300077
98298 1.0076045627376427
98344 1.0075930144267273
98492.9 1.007581501137225
98644 1.0075700227100681
98791.9 1.0075585789871504
98943.7 1.0075471698113208
99092.2 1.0075357950263752
99242.5 1.0075244544770505
99391.3 1.0075131480090158
99544.7 1.0075018754688672
99700.1 1.0074906367041199
99847.1 1.0074794315632012
99994.6 1.0074682598954443
100141 1.0074571215510812
100299 1.007446016381236
100439 1.0074349442379182
100593 1.0074239049740163
100741 1.0074101519081142
100894 1.0073991860895302
101050 1.0073882526782416
101191 1.0073773515308004
101344 1.007366482504604
101493 1.007355645457889
101642 1.0073448402497245
101790 1.0073340667400073
101956 1.0073233247894544
102092 1.0073126142595978
102244 1.0073019350127783
102398 1.00729128691214
102541 1.0072806698216237
102694 1.0072700836059614
102842 1.0072595281306715
102994 1.0072490032620516
103147 1.0072385088671734
103300 1.007228044813878
103441 1.0072176109707687
103595 1.0072072072072071
103746 1.007196833393307
103896 1.007186489399928
104045 1.0071761750986723
104193 1.0071658903618774
104352 1.0071556350626119
104495 1.0071454090746694
104649 1.0071352122725652
104792 1.0071250445315283
104943 1.007114905727499
105093 1.0071047957371226
105241 1.0070947144377438
105398 1.0070846617074034
105543 1.007074637424832
105697 1.0070646414694455
105850 1.0070546737213404
105994 1.0070447340612891
106145 1.007034822370735
106289 1.0070249385317878
106452 1.0070150824272186
106601 1.0070052539404553
106745 1.006995452955579
106893 1.0069856793573175
107042 1.0069759330310428
107189 1.0069662138627655
107342 1.0069565217391305
107491 1.0069468565474122
107644 1.0069372181755116
107790 1.0069252077562327
107967 1.0069156293222683
108123 1.0069060773480663
108271 1.006896551724138
108423 1.0068870523415978
108575 1.0068775790921596
108718 1.0068681318681318
108870 1.0068587105624143
109019 1.0068493150684932
109170 1.0068399452804377
109317 1.0068306010928962
109463 1.0068212824010914
109625 1.0068119891008174
109767 1.0068027210884354
109920 1.0067934782608696
110079 1.0067842605156039
110220 1.0067750677506775
110372 1.006765899864682
110519 1.0067567567567568
110675 1.0067476383265856
110814 1.0067385444743935
110968 1.0067294751009421
111125 1.006720430107527
111267 1.0067114093959733
111423 1.0067024128686326
111568 1.0066934404283803
111728 1.0066844919786095
111867 1.006675567423231
112017 1.0066666666666666
112164 1.0066577896138482
112315 1.0066489361702127
112467 1.0066401062416999
112617 1.006631299734748
112767 1.0066225165562914
112915 1.0066137566137565
113068 1.0066050198150593
113233 1.0065963060686016
113367 1.0065876152832676
113519 1.006578947368421
113672 1.0065703022339028
113818 1.0065616797900263
113967 1.0065530799475753
114120 1.006544502617801
114270 1.0065359477124183
114428 1.0065274151436032
114570 1.0065189048239895
114722 1.0065104166666667
114866 1.0065019505851756
115016 1.0064935064935066
115170 1.006485084306096
115318 1.0064766839378239
115469 1.0064683053040104
115617 1.0064599483204135
115773 1.0064516129032257
115919 1.0064432989690721
116076 1.0064350064350065
116222 1.006426735218509
116369 1.006418485237484
116519 1.0064102564102564
116667 1.0064020486555698
116819 1.0063938618925832
116968 1.0063856960408684
117119 1.0063775510204083
117268 1.0063694267515924
117424 1.0063613231552162
117565 1.0063532401524777
117710 1.0063451776649746
117868 1.0063371356147022
118016 1.0063291139240507
118167 1.0063211125158027
118333 1.0063131313131313
118468 1.0063051702395964
118617 1.0062972292191437
118771 1.0062893081761006
118915 1.006281407035176
119064 1.0062735257214555
119217 1.006265664160401
119365 1.0062578222778473
119518 1.00625
119670 1.0062421972534332
119818 1.0062344139650872
119960 1.0062266500622665
120125 1.006218905472637
120274 1.0062111801242235
120416 1.0062034739454093
120569 1.0061957868649318
120712 1.006188118811881
120867 1.0061804697156984
121021 1.0061728395061729
121168 1.0061652281134401
121313 1.0061576354679802
121468 1.006150061500615
121613 1.0061425061425062
121764 1.0061349693251533
121914 1.0061274509803921
122071 1.0061199510403918
122216 1.0061124694376529
122367 1.006105006105006
122516 1.0060975609756098
122672 1.0060901339829476
122819 1.0060827250608273
122960 1.006075334143378
123112 1.0060679611650485
123266 1.006060606060606
123420 1.0060532687651331
123568 1.0060459492140266
123714 1.0060386473429952
123867 1.006031363088058
124019 1.0060240963855422
124174 1.0060168471720818
124311 1.0060096153846154
124465 1.006002400960384
124615 1.0059952038369304
124771 1.0059880239520957
124911 1.005980861244019
125062 1.005973715651135
125226 1.005966587112172
125367 1.0059594755661503
125512 1.005952380952381
125661 1.0059453032104637
125821 1.005938242280285
125966 1.0059294396679515
126117 1.005922416345869
126265 1.0059154096421177
126411 1.0059084194977843
126564 1.0059014458542344
126713 1.0058944886531094
126865 1.0058875478363263
127017 1.0058806233460746
127162 1.0058737151248165
127309 1.005866823115283
127464 1.0058599472604746
127613 1.0058530875036582
127772 1.005846243788366
127915 1.005839416058394
128064 1.0058326042578012
128211 1.005825808330906
128364 1.005819028222287
128512 1.00581226387678
128661 1.0058055152394776
128820 1.0057987822557264
128964 1.0057920648711265
129121 1.0057853630315303
129264 1.0057786766830397
129416 1.0057703404500866
129562 1.005763688760807
129710 1.0057570523891768
129867 1.0057504312823462
130008 1.0057438253877082
130164 1.0057372346528972
130312 1.005730659025788
130471 1.0057240984544935
130614 1.0057175528873643
130761 1.0057110222729868
130917 1.0057045065601826
131064 1.0056980056980056
131209 1.0056915196357428
131360 1.0056850483229107
131512 1.005678591709256
131666 1.0056721497447532
131815 1.0056657223796035
131967 1.0056593095642332
132124 1.0056529112492933
132265 1.0056465273856579
132413 1.0056401579244219
132561 1.0056338028169014
132712 1.0056274620146315
132862 1.0056211354693647
133014 1.0056148231330713
133163 1.005608524957936
133314 1.0056022408963585
133466 1.0055959709009512
133609 1.0055897149245387
133763 1.0055834729201563
133909 1.0055772448410485
134059 1.0055710306406684
134224 1.0055648302726767
134357 1.0055586436909394
134510 1.005552470849528
134658 1.0055463117027177
134810 1.005540166204986
134958 1.0055340343110126
135110 1.0055279159756771
135268 1.0055218111540585
135405 1.0055157198014342
135561 1.0055096418732783
135717 1.0055035773252614
135857 1.005497526113249
136013 1.0054914881933004
136158 1.0054854635216677
136310 1.0054794520547945
136458 1.0054734537493157
136610 1.0054674685620557
136760 1.0054614964500272
136911 1.005455537370431
137061 1.005449591280654
137211 1.0054436581382689
137365 1.005437737901033
137511 1.0054318305268877
137660 1.0054259359739555
137812 1.005420054200542
137959 1.0054141851651326
138108 1.0054083288263926
138257 1.0054024851431658
138404 1.0053966540744739
138559 1.005390835579515
138713 1.005385029617663
138859 1.005379236148467
139016 1.0053734551316496
139160 1.0053676865271068
139312 1.0053619302949062
139459 1.0053561863952865
139607 1.0053504547886571
139764 1.005344735435596
139911 1.00533902829685
140060 1.0053333333333334
140213 1.0053276505061268
140368 1.0053219797764767
140514 1.0053163211057947
140657 1.005310674455656
140809 1.0053050397877985
140953 1.005299417064123
141109 1.0052938062466914
141260 1.005288207297726
141409 1.005282620179609
141568 1.0052770448548813
141710 1.0052714812862413
141860 1.0052659294365456
142008 1.005260389268806
142152 1.0052548607461902
142312 1.005249343832021
142454 1.0052438384897746
142608 1.0052383446830802
142764 1.0052328623757196
142911 1.0052273915316257
143060 1.0052219321148825
143206 1.0052164840897235
143354 1.0052110474205316
143503 1.0052056220718375
143660 1.0052002080083204
143812 1.0051948051948052
143957 1.0051894135962636
144107 1.0051840331778124
144253 1.0051786639047127
144407 1.0051733057423693
144562 1.0051679586563307
144702 1.005162622612287
144858 1.00515729757607
145007 1.0051519835136526
145160 1.0051466803911477
145309 1.0051413881748072
145458 1.005136106831022
145610 1.0051308363263212
145755 1.0051255766273706
145911 1.0051203277009728
146053 1.0051150895140666
146206 1.005109862033725
146357 1.0051046452271568
146508 1.0050994390617032
146663 1.0050942435048396
146810 1.005089058524173
146957 1.0050838840874428
147110 1.005078720162519
147257 1.0050735667174024
147412 1.005068423720223
147557 1.0050632911392405
147706 1.0050581689428426
147859 1.0050530570995453
148010 1.005047955577991
148163 1.0050428643469491
148308 1.0050377833753148
148464 1.0050327126321088
148604 1.0050276520864756
148750 1.0050226017076846
148905 1.005017561465128
149055 1.005012531328321
149205 1.0050075112669004
149354 1.0050025012506254
149501 1.0049975012493753
149654 1.0049925112331504
149814 1.0049875311720697
149957 1.0049825610363727
150100 1.0049776007964162
150253 1.0049726504226753
150405 1.0049677098857426
150557 1.0049627791563276
150703 1.0049578582052554
150864 1.004952947003467
151009 1.004946821667079
151161 1.0049407114624507
151308 1.0049358341559724
151451 1.004930966469428
151601 1.0049261083743843
151753 1.0049212598425197
151905 1.0049164208456245
152053 1.0049115913555993
152210 1.0049067713444553
152355 1.0049019607843137
152504 1.0048971596474046
152660 1.0048923679060666
152808 1.0048875855327468
152952 1.0048828125
153100 1.0048780487804878
153253 1.0048732943469785
153401 1.0048685491723466
153557 1.004863813229572
153704 1.0048590864917395
153864 1.0048543689320388
154002 1.0048496605237633
154153 1.00484496124031
154307 1.0048402710551791
154464 1.004835589941973
154606 1.0048309178743962
154754 1.0048262548262548
154901 1.004821600771456
155054 1.0048169556840076
155202 1.0048123195380174
155354 1.0048076923076923
155509 1.004803073967339
155653 1.0047984644913628
155801 1.0047938638542666
155952 1.0047892720306513
156113 1.0047846889952152
156253 1.0047801147227533
156403 1.0047755491881567
156553 1.0047709923664123
156705 1.0047664442326025
156850 1.0047619047619047
157007 1.004757373929591
157158 1.0047528517110267
157299 1.0047483380816715
157453 1.0047438330170777
157603 1.004739336492891
157758 1.0047348484848484
157905 1.0047303689687797
158057 1.0047258979206048
158202 1.004721435316336
158350 1.0047169811320755
158498 1.0047125353440152
158649 1.0047080979284368
158802 1.0047036688617121
158953 1.0046992481203008
159107 1.0046948356807512
159257 1.0046904315196998
159400 1.0046860356138707
159552 1.0046816479400749
159697 1.0046772684752105
159845 1.0046728971962617
159996 1.0046685340802988
160152 1.0046641791044777
160304 1.0046598322460392
160454 1.004655493482309
160613 1.0046511627906978
160751 1.004646840148699
160900 1.0046425255338904
161049 1.0046382189239331
161197 1.0046339202965708
161349 1.0046296296296295
161500 1.0046253469010176
161651 1.0046210720887245
161804 1.0046168051708217
161953 1.0046125461254614
162109 1.0046082949308757
162251 1.0046040515653776
162404 1.0045998160073597
162550 1.0045955882352942
162702 1.0045913682277319
162852 1.0045871559633028
163007 1.004582951420715
163150 1.0045787545787546
163307 1.0045745654162854
163453 1.0045703839122486
163606 1.004566210045662
163756 1.0045620437956204
163901 1.0045578851412944
164050 1.0045537340619308
164204 1.0045495905368518
164356 1.0045454545454546
164502 1.0045413260672116
164657 1.0045372050816697
164804 1.0045330915684496
164950 1.0045289855072463
165106 1.004524886877828
165253 1.0045207956600362
165397 1.004516711833785
165555 1.0045126353790614
165706 1.0045085662759243
165852 1.0045045045045045
166000 1.0045004500450045
166149 1.004496402877698
166307 1.004492362982929
166447 1.0044883303411132
166605 1.0044843049327354
166745 1.0044802867383513
166901 1.0044762757385854
167054 1.0044722719141324
167209 1.0044682752457552
167349 1.0044642857142858
167507 1.0044603033006245
167650 1.0044563279857397
167796 1.0044523597506678
167949 1.0044483985765125
168100 1.0044444444444445
168254 1.0044404973357015
168399 1.0044365572315883
168553 1.0044326241134751
168698 1.004428697962799
168854 1.0044247787610618
169001 1.004420866489832
169146 1.004416961130742
169297 1.00441306266549
169457 1.0044091710758378
169598 1.0044052863436124
169747 1.0044014084507042
169901 1.0043975373790677
170049 1.0043936731107206
170208 1.0043898156277435
170352 1.0043859649122806
170499 1.0043821209465382
170651 1.0043782837127846
170794 1.0043744531933507
170946 1.0043706293706294
171103 1.0043668122270741
171245 1.0043630017452008
171400 1.004359197907585
171544 1.004355400696864
171705 1.0043516100957355
171843 1.0043478260869565
171998 1.0043440486533448
172149 1.0043402777777777
172296 1.0043365134431916
172447 1.0043327556325823
172602 1.0043280675178532
172747 1.0043243243243243
172897 1.0043205875999135
173050 1.0043168573278654
173201 1.0043131334914817
173350 1.004309416074122
173496 1.0043057050592035
173651 1.0043020004302001
173795 1.0042983021706426
173944 1.0042946102641186
174097 1.0042909246942717
174250 1.0042872454448017
174399 1.0042835724994645
174554 1.0042799058420715
174703 1.0042762454564893
174845 1.0042725913266397
175005 1.0042689434364995
175151 1.0042653017701002
175309 1.0042616663115278
175454 1.0042580370449223
175605 1.0042544139544778
175752 1.004250797024442
175902 1.0042471862391167
176044 1.0042435815828559
176195 1.004239983040068
176354 1.004235493434985
176500 1.0042319085907745
176647 1.0042283298097252
176800 1.0042247570764682
176952 1.004221190375686
177102 1.004217629692113
177247 1.0042140750105353
177392 1.0042105263157894
177552 1.004206983592764
177705 1.0042034468263976
177845 1.00419991600168
177996 1.0041963911036509
178149 1.0041928721174005
178298 1.0041893590280686
178444 1.0041858518208455
178595 1.0041823504809704
178748 1.0041788549937316
178893 1.0041753653444676
179044 1.004171881518565
179205 1.0041684035014589
179347 1.0041649312786338
179496 1.004161464835622
179644 1.004158004158004
179795 1.0041545492314083
179950 1.004151100041511
180100 1.0041476565740357
180244 1.0041442188147534
180404 1.0041407867494825
180543 1.0041373603640877
180694 1.0041339396444813
180844 1.0041305245766212
181000 1.0041271151465125
181143 1.0041237113402062
181292 1.004120313143799
181450 1.0041169205434335
181598 1.0041135335252982
181750 1.0041101520756268
181898 1.004106776180698
182048 1.0041034058268363
182200 1.00410004100041
182353 1.004096681687833
182496 1.0040933278755628
182649 1.0040899795501022
182792 1.0040866366979975
182945 1.004083299305839
183102 1.0040799673602612
183254 1.0040766408479413
183396 1.0040733197556009
183545 1.0040700040700041
183704 1.0040666937779585
183843 1.0040633888663144
184002 1.004060089321965
184146 1.0040567951318458
184295 1.0040535062829348
184450 1.0040502227622519
184598 1.0040469445568596
184745 1.0040436716538617
184897 1.004040404040404
185039 1.0040371417036738
185195 1.0040338846308996
185345 1.0040306328093511
185489 1.0040273862263391
185646 1.0040241448692153
185794 1.004020908725372
185944 1.0040176777822418
186094 1.0040144520272982
186246 1.0040112314480545
186391 1.0040080160320641
186541 1.0040048057669202
186697 1.0040016006402561
186839 1.003998400639744
186989 1.0039952057530963
187145 1.003992015968064
187298 1.0039888312724372
187444 1.0039856516540455
187592 1.0039824771007566
187741 1.0039793076004775
187896 1.0039761431411531
188039 1.0039729837107667
188200 1.0039698292973402
188340 1.003966679888933
188490 1.0039635354736425
188659 1.003960396039604
188793 1.00395726157499
188946 1.003954132068011
189106 1.0039510075069142
189243 1.0039478878799841
189399 1.0039447731755424
189537 1.0039416633819471
189691 1.0039385584875935
189846 1.003935458480913
189994 1.0039323633503736
190142 1.0039292730844793
190291 1.0039261876717707
190445 1.0039231071008239
190592 1.003920031360251
190745 1.0039169604386995
190887 1.0039138943248533
191038 1.0039108330074307
191193 1.0039077764751856
191347 1.0039047247169075
191492 1.0039016777214202
191646 1.003898635477583
191789 1.003895597974289
191947 1.003892565200467
192093 1.0038895371450798
192238 1.003886513797124
192388 1.003883495145631
192549 1.0038804811796662
192698 1.0038774718883288
192849 1.0038744672607516
192990 1.0038714672861013
193153 1.0038684719535784
193291 1.003865481252416
193442 1.003862495171881
193593 1.0038595137012736
193737 1.0038565368299268
193887 1.0038535645472062
194049 1.0038505968425107
194190 1.003846893633391
194379 1.0038439361906593
194525 1.0038409832917228
194669 1.0038380349261178
194821 1.0038350910834133
194975 1.0038321517532094
195117 1.0038292169251388
195263 1.0038262865888654
195425 1.0038233607340852
195575 1.0038204393505252
195720 1.0038175224279442
195871 1.003814609956132
196022 1.0038117019249095
196172 1.0038087983241288
196316 1.0038058991436727
196472 1.003803004373455
196623 1.00380011400342
196774 1.0037972280235428
196918 1.0037943464238286
197073 1.0037914691943128
197225 1.0037885963250615
197371 1.0037857278061708
197525 1.0037828636277661
197674 1.0037800037800038
197816 1.0037771482530689
197972 1.0037742970371768
198125 1.003771450122572
198264 1.003768607499529
198417 1.0037657691583506
198574 1.0037629350893698
198723 1.003760105282948
198874 1.0037572797294758
199019 1.003754458419373
199170 1.0037516413430876
199318 1.0037488284910965
199469 1.0037460198539052
199620 1.0037432154220476
199775 1.0037404151860856
199915 1.00373761913661
200076 1.003734827264239
200219 1.0037320395596194
200372 1.0037292560134252
200513 1.0037264766163592
200668 1.003723701359151
200817 1.003720930232558
200974 1.0037181632273657
201122 1.003715400334386
201267 1.0037126415444588
201417 1.003709886848451
201571 1.0037064492216456
201720 1.0037037037037038
201869 1.0037009622501851
202019 1.003698224852071
202170 1.0036954915003695
202313 1.0036927621861151
202471 1.003690036900369
202613 1.0036873156342183
202772 1.0036845983787768
202919 1.003681885125184
203066 1.0036791758646064
203217 1.0036764705882353
203366 1.0036737692872888
203517 1.0036710719530102
203665 1.0036683785766691
203815 1.0036656891495601
203978 1.0036630036630036
204124 1.0036603221083455
204267 1.003657644476957
204420 1.003654970760234
204565 1.0036523009495983
204717 1.0036496350364963
204862 1.0036469730123998
205019 1.0036443148688046
205166 1.0036416605972323
205315 1.0036390101892285
205468 1.0036363636363637
205613 1.0036337209302326
205769 1.0036310820624545
205915 1.0036284470246735
206064 1.003625815808557
206213 1.0036231884057971
206366 1.00362056480811
206517 1.003617945007236
206667 1.0036153289949385
206815 1.0036127167630058
206977 1.0036101083032491
207120 1.0036075036075036
207261 1.003604902667628
207419 1.0036023054755043
207570 1.0035997120230382
207711 1.0035971223021583
207869 1.0035945363048167
208018 1.0035919540229885
208162 1.003589375448672
208318 1.0035868005738882
208468 1.003584229390681
208613 1.0035816618911175
208765 1.003579098067287
208913 1.003576537911302
209066 1.0035739814152966
209218 1.0035714285714286
209366 1.0035688793718773
209519 1.0035663338088445
209671 1.0035637918745546
209818 1.0035612535612535
209964 1.00355871886121
210112 1.003556187766714
210317 1.003553660270078
210480 1.0035511363636365
210653 1.0035486160397444
210749 1.00354609929078
210902 1.0035435861091424
211289 1.0033616418966738
211459 1.0031824611032532
211500 1.0031802120141342
211625 1.0031779661016949
211907 1.0031757233592096
212081 1.0029950669485552
212221 1.002992957746479
212372 1.002990851513019
212523 1.0029887482419129
212661 1.002986647926915
212813 1.0029845505617978
212961 1.0029824561403509
213117 1.0029803646563815
213276 1.002978276103714
213422 1.0029761904761905
213570 1.0029741077676697
213715 1.002972027972028
213873 1.0029699510831587
214014 1.0029678770949721
214167 1.0029658060013957
214543 1.0029637377963738
214668 1.0026132404181185
215108 1.0022632311977715
215435 1.0010431154381085
215999 0.9986139986139986
216002 0.9979227972996365
216157 0.9979242345614946
216286 0.9979256698357822
216450 0.9979271031266195
216610 0.9979285344381149
216772 0.997929963774366
216944 0.9979313911394587
217106 0.9979328165374677
217398 0.9974195768105969
217563 0.997421351211965
218016 0.9967404357522731
218162 0.996742671009772
218457 0.9962335216572504
218632 0.9962360992301112
219261 0.9948779238518013
220248 0.9903209373408048
220393 0.9903275072119464
220549 0.990334068170256
220697 0.9903406202338587
220815 0.9903471634208298
220854 0.9903536977491961
220910 0.9903602232369355
221069 0.9903667399019773
221225 0.9903732477622024
221361 0.990379746835443
221511 0.9903862371394839
221677 0.9903927186920614
221822 0.9903991915108641
221971 0.9904056556135331
222117 0.9904121110176619
222254 0.9904185577407968
222419 0.9904249958004367
222569 0.9904314252140339
222724 0.9904378459989934
222873 0.9904442581726739
223013 0.9904506617523874
223175 0.9904570567553993
223321 0.9904634431989292
223462 0.9904698211001505
223617 0.9904761904761905
223762 0.9904825513441309
223911 0.9904889037210078
224065 0.9904952476238119
224219 0.9905015830694884
224369 0.9905079100749375
224510 0.9905142286570144
224658 0.9905205388325296
224824 0.9905268406182482
224964 0.9905331340308918
225108 0.9905394190871369
225260 0.9905456958036158
225420 0.9905519641969169
225567 0.9905582242835845
225715 0.9905644760801192
225860 0.9905707196029777
226010 0.9905769548685733
226164 0.9905831818932761
226306 0.9905894006934126
226461 0.9905956112852664
226655 0.9906018136850783
226765 0.9906095551894564
226920 0.990615739216332
227054 0.9906219151036525
227214 0.9906280828674778
