9.617 0.0
164.115 0.9166666666666666
313.196 0.9375
481.418 0.95
612.394 0.9583333333333334
761.866 0.9642857142857143
911.351 0.96875
1061.19 0.9722222222222222
1211.91 0.975
1361.51 0.9772727272727273
1511.49 0.9791666666666666
1775.71 0.9807692307692307
1922.44 0.9821428571428571
2065.41 0.9833333333333333
2218.01 0.984375
2368.61 0.9852941176470589
2528.58 0.9861111111111112
2678.93 0.9868421052631579
2715.77 0.9875
2861.77 0.9880952380952381
3012.09 0.9886363636363636
3161.07 0.9891304347826086
3311.67 0.9895833333333334
3461.64 0.99
3612.62 0.9903846153846154
3761.09 0.9907407407407407
3911.07 0.9910714285714286
4061.29 0.9913793103448276
4211.01 0.9916666666666667
4361.36 0.9919354838709677
