320.019 0.0
472.418 0.6428571428571429
621.14 0.7222222222222222
771.114 0.7727272727272727
920.84 0.8076923076923077
1070.81 0.8333333333333334
1220.91 0.8529411764705882
1370.63 0.868421052631579
1601.71 0.8809523809523809
1671.07 0.8913043478260869
1821.17 0.9
1971.02 0.9074074074074074
2120.99 0.9137931034482759
2271.09 0.9193548387096774
2420.94 0.9242424242424242
2570.92 0.9285714285714286
2720.9 0.9324324324324325
2870.87 0.9358974358974359
3020.84 0.9390243902439024
3170.82 0.9418604651162791
3321.29 0.9444444444444444
3470.76 0.9468085106382979
3620.74 0.9489795918367347
3770.71 0.9509803921568627
3920.81 0.9528301886792453
4070.66 0.9545454545454546
4220.63 0.956140350877193
4370.6 0.9576271186440678
