45.776 0.0
366.251 0.7058823529411765
473.338 0.7619047619047619
610.706 0.8
758.418 0.8275862068965517
902.137 0.8484848484848485
1060.84 0.8648648648648649
1200.44 0.8780487804878049
1361.15 0.8888888888888888
1509.23 0.8979591836734694
1679.29 0.9056603773584906
1825.54 0.9122807017543859
1850.63 0.9180327868852459
2003.21 0.9230769230769231
2151.67 0.927536231884058
2300.39 0.9315068493150684
2453.1 0.935064935064935
2598.57 0.9382716049382716
2750.9 0.9411764705882353
2898.87 0.9438202247191011
3049.46 0.946236559139785
3204.04 0.9484536082474226
3348.38 0.9504950495049505
3501.1 0.9523809523809523
3652.81 0.9541284403669725
3798.77 0.9557522123893806
3947.36 0.9572649572649573
4097.08 0.9586776859504132
4251.66 0.96
4401.13 0.9612403100775194
4547.84 0.9624060150375939
4699.43 0.9635036496350365
4848.14 0.9645390070921985
4999.48 0.9655172413793104
5149.32 0.9664429530201343
5298.78 0.9673202614379085
5451.24 0.9681528662420382
5597.09 0.968944099378882
5748.92 0.9696969696969697
5898.14 0.9704142011834319
6048.72 0.9710982658959537
6199.94 0.9717514124293786
6349.78 0.9723756906077348
6497.99 0.972972972972973
6648.58 0.9735449735449735
6796.8 0.9740932642487047
6950.51 0.9746192893401016
7097.47 0.9751243781094527
7249.43 0.975609756097561
7402.77 0.9760765550239234
7545.98 0.9765258215962441
7695.82 0.9769585253456221
7851.41 0.9773755656108597
7997.13 0.9777777777777777
8148.09 0.9781659388646288
8298.43 0.9785407725321889
8447.64 0.9789029535864979
8598.98 0.979253112033195
8748.57 0.9795918367346939
8899.06 0.9799196787148594
9048.12 0.9802371541501976
9196.71 0.980544747081712
9347.92 0.9808429118773946
9496.13 0.9811320754716981
9645.73 0.9814126394052045
9796.31 0.9816849816849816
9949.78 0.9819494584837545
10098 0.9822064056939501
10246.7 0.9824561403508771
10402 0.9826989619377162
10546.5 0.9829351535836177
10694.6 0.9831649831649831
10845.1 0.9833887043189369
11003.5 0.9836065573770492
11145.6 0.9838187702265372
11296.1 0.9840255591054313
11444.3 0.9842271293375394
11596.1 0.9844236760124611
11746.1 0.9846153846153847
11898.4 0.9848024316109423
12049.6 0.984984984984985
12195.7 0.9851632047477745
12343.3 0.9853372434017595
12501.3 0.9855072463768116
12648.5 0.9856733524355301
12797.2 0.9858356940509915
12945.7 0.9859943977591037
13095.3 0.9861495844875346
13247.6 0.9863013698630136
13397.7 0.986449864498645
13546.8 0.9865951742627346
13694.2 0.986737400530504
13843.3 0.9868766404199475
13993.4 0.987012987012987
14148.4 0.987146529562982
14296 0.9872773536895675
14446.3 0.9874055415617129
14597.3 0.9875311720698254
14747.6 0.9876543209876543
14900 0.9877750611246944
15045.8 0.9878934624697336
15192.6 0.988009592326139
15344.8 0.9881235154394299
15499.8 0.9882352941176471
15650 0.9883449883449883
15796.9 0.9884526558891455
15945.1 0.988558352402746
16094.6 0.9886621315192744
16246.5 0.9887640449438202
16393.7 0.9888641425389755
16543.4 0.9889624724061811
16696 0.9890590809628009
16852.1 0.9891540130151844
16995.9 0.989247311827957
17143.6 0.9893390191897654
17299.6 0.9894291754756871
17448.4 0.989517819706499
17598.5 0.9896049896049897
17742.8 0.9896907216494846
17893.2 0.9897750511247444
18042.2 0.9898580121703854
18194.5 0.9899396378269618
18344.5 0.9900199600798403
18496.4 0.9900990099009901
18644.5 0.9901768172888016
18795.7 0.9902534113060428
18948.1 0.9903288201160542
19091.5 0.9904030710172744
19245 0.9904761904761905
19395.8 0.9905482041587902
19543.6 0.9906191369606003
19694.5 0.9906890130353817
19843.2 0.9907578558225508
19994.6 0.9908256880733946
20142.9 0.9908925318761385
20295 0.9909584086799277
20443.8 0.9910233393177738
20593.8 0.9910873440285205
20741.8 0.9911504424778761
20896.7 0.9912126537785588
21043.1 0.9912739965095986
21192.8 0.9913494809688581
21342.2 0.9914089347079038
21493.1 0.9914675767918089
21647.9 0.9915254237288136
21793.6 0.9915824915824916
21941.6 0.9916387959866221
22090.6 0.9916943521594684
22242.1 0.9917491749174917
22393.1 0.9918032786885246
22544.8 0.99185667752443
22691.3 0.9919093851132686
22842.8 0.9919614147909968
23000.7 0.9920127795527156
23155.2 0.9920634920634921
23300.1 0.9921135646687698
23459.2 0.9921630094043887
23602.2 0.9922118380062306
23759.7 0.9922600619195047
23903.5 0.9923076923076923
24054.3 0.9923547400611621
24202.4 0.9924012158054711
24353.6 0.9924471299093656
24501.7 0.9924924924924925
24651.4 0.9925373134328358
24801.1 0.9925925925925926
24955.7 0.9926362297496318
25102.8 0.9926793557833089
25254.9 0.992721979621543
25401.5 0.9927641099855282
25552.4 0.9928057553956835
25702.4 0.9928469241773963
25849.9 0.9928876244665719
26001.3 0.9929278642149929
26154.2 0.9929676511954993
26304.6 0.993006993006993
26455.1 0.9930458970792768
26602.4 0.9930843706777317
26754.1 0.9931224209078404
26908.1 0.9931600547195623
27051.6 0.9931972789115646
27204.8 0.993234100135318
27349 0.9932705248990579
27501.7 0.9933065595716198
27650.4 0.9933422103861518
27803.4 0.9933774834437086
27953.6 0.9934123847167325
28102.7 0.9934469200524246
28255.3 0.9934810951760105
28404.6 0.993514915693904
28555.1 0.9935483870967742
28701.2 0.993581514762516
28848.5 0.9936143039591315
29000.7 0.9936467598475223
29154.4 0.9936788874841972
29302.3 0.9937106918238994
29455 0.9937421777221527
29603.5 0.9937733499377335
29749.9 0.9938042131350682
29904.6 0.9938347718865598
30051.1 0.9938650306748467
30203.7 0.9938949938949939
30351.6 0.9939246658566221
30500.2 0.9939540507859734
30649.2 0.9939831528279182
30802.4 0.9940119760479041
30951.5 0.9940405244338498
31100.8 0.9940688018979834
31250 0.9940968122786304
31399.9 0.9941245593419507
31553.6 0.9941520467836257
31701.7 0.9941792782305006
31850.8 0.9942062572421785
32001.7 0.994232987312572
32151.1 0.9942594718714122
32301.5 0.9942857142857143
32451.8 0.9943117178612059
32598.8 0.9943374858437146
32753.2 0.9943630214205186
32897.8 0.9943883277216611
33048.9 0.994413407821229
33204.7 0.9944382647385984
33355.7 0.9944629014396457
33500.1 0.9944873208379272
33651.5 0.9945115257958288
33799.4 0.994535519125683
33950.6 0.9945593035908596
34101.1 0.9945828819068255
34247.1 0.9946062567421791
34400.3 0.9946294307196563
34551.6 0.9946524064171123
34703.5 0.9946751863684771
34851.2 0.9946977730646872
34999.4 0.9947201689545935
35149.5 0.9947423764458465
35301.2 0.9947643979057592
35451.5 0.9947862356621481
35597.9 0.9948078920041536
35750 0.9948293691830403
35908.8 0.9948506694129763
36048.8 0.9948717948717949
36196.7 0.9948927477017364
36351.1 0.9949135300101729
36498.8 0.9949341438703141
36648 0.9949545913218971
36799.1 0.9949748743718593
36948.3 0.994994994994995
37097.9 0.9950149551345963
37253.5 0.9950347567030785
37399.7 0.9950544015825915
37547.1 0.9950738916256158
37698.8 0.9950932286555446
37850.8 0.9951124144672532
37999.4 0.9951314508276533
38147.6 0.9951503394762367
38298.6 0.9951690821256038
38445.7 0.9951876804619827
38602.3 0.9952061361457335
38750.5 0.9952244508118434
38898.7 0.9952426260704091
39048 0.995260663507109
39197.1 0.9952785646836638
39349.2 0.9952963311382879
39497.4 0.9953139643861293
39649.7 0.9953314659197012
39796.5 0.9953488372093023
39947.4 0.995366079703429
40096.3 0.9953831948291783
40247.6 0.9954001839926403
40397.9 0.995417048579285
40546.9 0.9954337899543378
40702.3 0.9954504094631483
40849.5 0.9954669084315503
40999.5 0.995483288166215
41145.6 0.9954995499549955
41295 0.9955156950672646
41448 0.9955317247542449
41595.6 0.9955476402493322
41747.9 0.9955634427684117
41901.9 0.995579133510168
42047.9 0.9955947136563876
42197.2 0.9956101843722563
42349.7 0.9956255468066492
42494.1 0.995640802092415
42646.9 0.9956559513466551
42795 0.995674740484429
42944.6 0.9956896551724138
43098.5 0.9957044673539519
43249.2 0.9957191780821918
43396.6 0.9957337883959044
43547.8 0.9957482993197279
43694.6 0.9957627118644068
43844.9 0.995777027027027
43993.8 0.9957912457912458
44144.3 0.9958053691275168
44299.9 0.995819397993311
44444.3 0.9958333333333333
44593.8 0.9958471760797342
44745.5 0.9958609271523179
44900.6 0.9958745874587459
45045.4 0.9958881578947368
45197 0.9959016393442623
45345.4 0.9959150326797386
45493.2 0.995928338762215
45644.4 0.9959415584415584
45799.9 0.9959546925566343
45945.6 0.9959677419354839
46099.6 0.9959807073954984
46247.1 0.9959935897435898
46396.4 0.9960063897763578
46544.2 0.9960191082802548
46695.5 0.996031746031746
46843.7 0.9960443037974683
46996.3 0.9960567823343849
47146 0.9960691823899371
47294.8 0.9960815047021944
47447.8 0.99609375
47593.7 0.9961059190031153
47745.8 0.9961180124223602
47896 0.9961300309597523
48044.7 0.996141975308642
48193 0.9961538461538462
48344.1 0.9961656441717791
48495.1 0.996177370030581
48647.1 0.9961890243902439
48796.4 0.9962006079027356
48945.9 0.9962121212121212
49093.6 0.9962235649546828
49247 0.9962349397590361
49394.2 0.9962462462462462
49541.5 0.9962574850299402
49694.6 0.996268656716418
49842.4 0.9962797619047619
49994.6 0.9962935507783544
50147.3 0.9963045084996305
50295 0.9963154016212233
50442.9 0.9963262307127112
50599.6 0.9963369963369964
50744.3 0.9963476990504018
50894.9 0.9963583394027676
51043.3 0.9963689179375453
51196.2 0.99637943519189
51346.9 0.9963898916967509
51496.7 0.9964002879769619
51643.4 0.9964106245513281
51793.2 0.9964209019327129
51946.3 0.9964311206281228
52097.7 0.99644128113879
52244.9 0.9964513839602555
52392 0.9964614295824487
52550.6 0.9964714184897672
52697.7 0.9964813511611541
52843.3 0.9964912280701754
52993.9 0.9965010496850945
53147.3 0.9965108164689462
53296.4 0.9965205288796103
53442.1 0.9965301873698821
53593.7 0.9965397923875432
53744.7 0.9965493443754313
53895.6 0.9965588437715073
54046.7 0.9965682910089224
54196.1 0.9965776865160849
54345 0.9965870307167235
54493.3 0.9965963240299524
54642.6 0.9966055668703326
54791.6 0.996614759647935
54940.4 0.9966239027683997
55090.9 0.9966329966329966
55244.8 0.9966420416386836
55393.3 0.9966510381781648
55543.5 0.9966599866399466
55694.2 0.9966688874083944
55841.8 0.9966777408637874
55991.5 0.9966865473823724
56143.1 0.9966953073364178
56290.6 0.996704021094265
56440.7 0.9967126890203813
56592.1 0.9967213114754099
56743.8 0.9967298888162197
56898.9 0.9967384213959556
57044.9 0.9967469095640858
57190.8 0.9967553536664504
57342.9 0.9967637540453075
57492.3 0.9967721110393802
57642 0.9967804249839022
57789.1 0.9967886962106616
57942 0.9967969250480462
58091.2 0.9968051118210862
58243.7 0.9968132568514978
58390.3 0.9968213604577241
58543.3 0.9968294229549778
58692.5 0.9968374446552815
58841.9 0.9968454258675079
58989.3 0.9968533668974198
59140.2 0.9968612680477087
59290.3 0.9968691296180339
59443.5 0.9968769519050593
59590.8 0.9968847352024922
59745.4 0.9968924798011187
59890.9 0.9969001859888407
60040.4 0.9969078540507111
60190.7 0.9969154842689698
60341.8 0.9969230769230769
60489.3 0.9969306322897483
60640 0.9969381506429884
60789.1 0.9969456322541234
60942.7 0.9969530773918343
61090.3 0.9969604863221885
61241.7 0.9969678593086719
61399.8 0.9969751966122202
61545.2 0.9969824984912492
61687.7 0.9969897652016857
61840.2 0.996996996996997
61988.7 0.9970041941282205
62139.8 0.9970113568439928
62295 0.9970184853905785
62442.7 0.9970255800118977
62596.6 0.9970326409495549
62746.6 0.9970396684428656
62892.5 0.9970466627288836
63038.4 0.9970536240424278
63187.4 0.9970605526161082
63342.6 0.9970674486803519
63500.9 0.9970743124634289
63640.6 0.997081144191477
63789.1 0.9970879440885265
63938.3 0.9970947123765252
64089.9 0.9971014492753624
64240.9 0.9971081550028918
64389.7 0.9971164936562861
64538.2 0.9971231300345225
64689 0.9971297359357061
64837.9 0.9971363115693013
64989.7 0.9971428571428571
65137.5 0.9971493728620296
65289.1 0.997155858930603
65442.6 0.9971623155505108
65591.2 0.9971687429218573
65740.3 0.9971751412429378
65885.8 0.9971815107102593
66039.2 0.9971878515185602
66187.1 0.9971941638608305
66341.2 0.9972004479283315
66488.1 0.9972067039106145
66639.7 0.9972129319955407
66789.3 0.9972191323692993
66938.1 0.9972253052164262
67090.4 0.9972314507198228
67243.4 0.9972375690607734
67389.8 0.9972436604189636
67538.6 0.9972497249724972
67689.9 0.9972557628979144
67839.6 0.9972617743702081
67988.5 0.9972677595628415
68137.3 0.9972737186477645
68287.9 0.9972796517954298
68439 0.99728555917481
68585.2 0.9972914409534128
68736 0.9972972972972973
68886.7 0.9973031283710896
69038.4 0.9973089343379978
69188.9 0.9973147153598282
69337 0.9973204715969989
69489.3 0.9973262032085561
69639.3 0.9973319103521878
69786 0.9973375931842385
69938.4 0.9973432518597237
70086.6 0.9973488865323435
70235.5 0.9973544973544973
70385.9 0.9973600844772967
70537.8 0.9973656480505796
70687.2 0.9973711882229233
70837.6 0.9973767051416579
70989.5 0.9973821989528796
71137.1 0.9973876698014629
71287.8 0.997393117831074
71436.7 0.9973985431841832
71586 0.9974039460020768
71734.9 0.9974093264248705
71889.8 0.9974146845915202
72036.5 0.9974200206398349
72189.8 0.9974253347064882
72337.1 0.9974306269270298
72487.5 0.9974358974358974
72640.8 0.9974411463664279
72789.2 0.9974463738508682
72936.1 0.9974515800203874
73087 0.9974567650050865
73235.9 0.9974619289340102
73386.4 0.997467071935157
73536 0.9974721941354904
73687.4 0.9974772956609486
73836.8 0.9974823766364552
73989.4 0.9974874371859297
74135 0.9974924774322969
74285.5 0.9974974974974975
74437.5 0.9975024975024975
74586.5 0.9975074775672981
74736.1 0.9975124378109452
74892.4 0.9975173783515392
75034.1 0.9975222993062438
75191.2 0.9975284231339595
75334.5 0.9975333004440059
75486.1 0.9975381585425899
75635 0.9975429975429976
75785.2 0.9975478175576263
75933.5 0.9975526186979932
76084.6 0.9975574010747436
76236.3 0.9975621647976597
76387.3 0.9975669099756691
76534.5 0.9975716367168529
76683.6 0.9975763451284537
76834.2 0.9975810353168844
76983.8 0.9975857073877354
77136 0.9975903614457832
77287.3 0.9975949975949976
77434.4 0.9975996159385502
77585.5 0.9976042165788213
77739.1 0.9976087996174079
77887.7 0.9976133651551312
78036.6 0.9976179132920439
78182.1 0.997622444127437
78332.8 0.9976269577598481
78482.8 0.9976314542870678
78635 0.9976359338061466
78784.9 0.9976403964134025
78933.3 0.9976448422044277
79084.8 0.997649271274095
79235.5 0.997653683716565
79384.8 0.9976580796252927
79533.9 0.9976624590930341
79681.2 0.9976668222118525
79831.9 0.9976711690731253
79982.7 0.99767549976755
80135.4 0.9976798143851509
80286.6 0.9976841130152848
80434.9 0.9976883957466481
80585.3 0.997692662667282
80733.7 0.9976969138645785
80883.6 0.9977011494252873
81032 0.9977053694355209
81184.4 0.9977095739807604
81332 0.9977137631458619
81481.9 0.9977179370150616
81637 0.9977220956719818
81782.7 0.9977262391996362
81934.4 0.9977303676804358
82082.5 0.9977344811961939
82232.4 0.9977385798281321
82380.8 0.9977426636568849
82537 0.9977467327625056
82681.3 0.9977507872244714
82847.1 0.9977548271216884
82982.2 0.9977588525324966
83132.9 0.9977628635346756
83287.9 0.9977668602054489
83433.9 0.9977708426214891
83589.5 0.9977748108589231
83730.4 0.9977787649933363
83884.1 0.9977827050997783
84031.2 0.9977866312527667
84181.4 0.9977905435262925
84336.2 0.9977944419938244
84484.1 0.9977983267283135
84632.9 0.9978021978021978
84783.4 0.9978060552874067
84934.7 0.9978098992553658
85081.2 0.9978137297770004
85234.3 0.9978175469227412
85388.3 0.9978213507625272
85531.8 0.9978251413658112
85685 0.9978289188015632
85834.9 0.9978326831382748
85983.4 0.9978373702422145
86130.8 0.9978411053540587
86283.7 0.9978448275862069
86432.3 0.9978485370051635
86580.4 0.997852233676976
86735.1 0.9978559176672385
86886 0.9978595890410958
87031.4 0.9978632478632479
87181.2 0.9978668941979523
87330.1 0.997870528109029
87484 0.997874149659864
87633.7 0.9978777589134126
87781.4 0.9978813559322034
87931.8 0.9978849407783418
88082.7 0.9978885135135135
88234 0.9978920741989882
88381.6 0.997895622895623
88532.2 0.9978991596638656
88682.8 0.9979026845637584
88830.6 0.9979061976549414
88984.2 0.9979096989966555
89131.7 0.9979131886477463
89280.1 0.9979166666666667
89431.2 0.9979201331114809
89582.1 0.9979235880398671
89731.5 0.9979270315091211
89885.2 0.9979304635761589
90032.6 0.9979338842975206
90181.7 0.9979372937293729
90335.1 0.9979406919275123
90482.6 0.9979440789473685
90629.4 0.9979474548440066
90778.5 0.9979508196721312
90932.4 0.9979541734860884
91079.2 0.9979575163398693
91230 0.9979608482871125
91383 0.9979641693811075
91534.6 0.9979674796747967
91680.7 0.9979707792207793
91830.8 0.9979740680713128
91979.1 0.9979773462783171
92133.8 0.9979806138933764
92279.9 0.9979838709677419
92430.5 0.9979871175523349
92580.8 0.9979903536977492
92731.3 0.9979935794542536
92878.4 0.9979967948717948
93030.7 0.998
93180.7 0.9980031948881789
93330.4 0.998006379585327
93478.6 0.9980095541401274
93631.5 0.9980127186009539
93779.2 0.998015873015873
93932.1 0.9980190174326465
94079.3 0.9980221518987342
94232.6 0.9980252764612955
94381 0.9980283911671924
94530.7 0.9980314960629921
94678.8 0.9980345911949685
94827.5 0.9980376766091051
94979.5 0.9980407523510971
95134.8 0.9980438184663537
95281.2 0.998046875
95428.9 0.9980499219968799
95581.9 0.9980529595015576
95729.4 0.9980559875583204
95879.9 0.9980590062111802
96027.7 0.998062015503876
96182.2 0.9980650154798761
96325.9 0.9980680061823802
96479 0.998070987654321
96633.6 0.9980739599383667
96776.4 0.9980769230769231
96935.2 0.9980798771121352
97081 0.9980828220858896
97227.8 0.9980857580398163
97381.5 0.9980886850152905
97527 0.9980916030534351
97678.2 0.9980945121951219
97832.7 0.9980974124809742
97978.5 0.9981003039513677
98129.6 0.9981031866464339
98277.1 0.9981060606060606
98430.2 0.9981089258698941
98577.5 0.9981117824773413
98727.9 0.9981146304675717
98879.8 0.9981174698795181
99027.5 0.9981203007518797
99178 0.9981231231231231
99327.8 0.9981259370314842
99477.8 0.9981287425149701
99627 0.9981315396113603
99778.7 0.9981343283582089
99932.8 0.9981371087928465
100080 0.9981398809523809
100225 0.9981426448736999
100375 0.9981460882461994
100525 0.9981488337652721
100677 0.9981515711645101
100827 0.9981543004798819
100980 0.9981570217471434
101127 0.9981597350018403
101278 0.9981624402793091
101427 0.998165137614679
101575 0.9981678270428729
101725 0.9981705085986096
101876 0.9981731823164048
102026 0.9981758482305728
102181 0.9981785063752276
102328 0.9981811567842852
102477 0.9981837994914639
102628 0.9981864345302865
102775 0.9981890619340819
102924 0.9981916817359855
103075 0.9981942939689419
103224 0.998196898665705
103375 0.9981994958588405
103530 0.9982020855807263
103678 0.9982046678635548
103826 0.9982072427393331
103979 0.9982098102398854
104126 0.9982123703968537
104275 0.9982149232416994
104426 0.9982174688057041
104577 0.9982200071199715
104725 0.9982225382154284
104874 0.9982250621228257
105025 0.9982275788727402
105175 0.9982300884955753
105326 0.9982325910215624
105475 0.9982350864807624
105625 0.9982375749030666
105774 0.9982400563181978
105924 0.9982425307557118
106076 0.9982449982449982
106226 0.9982474588152822
106377 0.9982499124956248
106525 0.9982523593149248
106679 0.9982547993019197
106825 0.9982572324851865
106976 0.998259658893143
107125 0.9982620785540494
107273 0.9982644914960084
107424 0.9982668977469671
107579 0.9982698961937716
107724 0.9982722874913614
107874 0.9982746721877157
108026 0.9982770503101309
108175 0.9982794218857536
108324 0.9982817869415808
108472 0.9982841455044612
108623 0.9982864976010967
108772 0.9982888432580425
108924 0.9982911825017088
109073 0.9982935153583617
109228 0.998295841854124
109374 0.9982981620149761
109554 0.9983004758667573
109701 0.9983027834351663
109853 0.9983050847457627
110002 0.9983073798239676
110152 0.9983096686950642
110302 0.9983119513841998
110451 0.9983142279163857
110604 0.9983164983164983
110756 0.9983187626092804
110900 0.9983210208193418
111052 0.9983232729711603
111203 0.9983255190890824
111350 0.9983277591973244
111502 0.9983299933199733
111654 0.9983322214809873
111805 0.9983344437041972
111950 0.9983366600133067
112100 0.9983388704318937
112251 0.9983410749834107
112400 0.9983432736911863
112551 0.9983454665784249
112701 0.9983476536682089
112849 0.9983498349834984
113004 0.9983520105471325
113152 0.9983541803818301
113301 0.9983563445101906
113452 0.9983585029546946
113601 0.9983606557377049
113752 0.998362802881467
113900 0.9983649444081099
114050 0.9983670803396473
114202 0.9983692106979778
114349 0.998371335504886
114499 0.998373454782043
114652 0.9983755685510072
114800 0.9983776768332252
114951 0.9983797796500324
115100 0.9983818770226537
115252 0.9983839689722043
115398 0.9983860555196902
115549 0.998388136686009
115701 0.998390212491951
115852 0.9983922829581994
116004 0.9983943481053308
116152 0.9983964079538166
116300 0.9983984625240231
116451 0.9984005118362124
116602 0.9984025559105432
116752 0.9984045947670709
116898 0.9984066284257489
117048 0.998408656906429
117200 0.998410680228862
117356 0.9984126984126984
117498 0.998414711477489
117649 0.9984167194426853
117801 0.9984187223276407
117951 0.9984207201516109
118098 0.998422712933754
118250 0.9984247006931317
118401 0.9984266834487099
118550 0.9984286612193589
118701 0.9984306340238543
118852 0.9984326018808778
119002 0.9984345648090169
119147 0.9984365228267668
119299 0.9984384759525297
119450 0.9984404242046163
119601 0.9984423676012462
119747 0.9984443061605476
119902 0.9984462399005594
120052 0.9984481688392303
120202 0.9984500929944203
120349 0.9984520123839009
120506 0.9984539270253556
120650 0.9984558369363805
120799 0.9984577421344849
120947 0.9984596426370919
121097 0.9984615384615385
121250 0.9984634296250768
121399 0.9984653161448741
121547 0.9984671980380135
121699 0.9984690753214942
121857 0.9984709480122325
121998 0.9984728161270617
122149 0.9984746796827334
122299 0.9984765386959171
122450 0.9984783931832014
122596 0.9984802431610942
122749 0.9984820886460231
122899 0.998483929654336
123054 0.9984857662023017
123198 0.9984875983061101
123350 0.9984894259818731
123498 0.9984912492456246
123645 0.9984930681133213
123797 0.9984948826008428
123946 0.9984966927239928
124098 0.9984984984984985
124251 0.998500299940012
124399 0.9985020970641102
124547 0.9985038898862957
124699 0.9985056784219964
124849 0.9985074626865672
124996 0.9985092426952892
125151 0.9985110184633711
125297 0.9985127900059488
125448 0.9985145573380867
125598 0.9985167606051617
125749 0.9985185185185185
125899 0.9985202722699024
126048 0.9985220218740762
126199 0.9985237673457337
126349 0.9985255086994986
126494 0.9985272459499264
126646 0.9985289791115034
126794 0.9985307081986482
126946 0.9985324332257117
127103 0.9985341542069774
127247 0.9985358711566618
127396 0.9985375840889149
127549 0.9985392930178206
127696 0.9985409979573971
127844 0.9985426989215972
127996 0.9985443959243085
128146 0.9985460889793545
128294 0.9985477781004938
128449 0.9985494633014216
128599 0.9985511445957693
128745 0.9985528219971056
128899 0.9985544955189362
129046 0.998556165174704
129193 0.998558246828143
129344 0.9985599078341014
129497 0.9985615650172612
129648 0.9985632183908046
129800 0.998564867967853
129947 0.9985665137614679
130095 0.9985681557846506
130245 0.9985697940503433
130399 0.9985714285714286
130546 0.9985730593607306
130695 0.9985746864310148
130846 0.9985763097949886
130997 0.9985779294653014
131156 0.9985795454545454
131297 0.9985811577752554
131447 0.9985827664399093
131596 0.9985843714609286
131750 0.9985859728506787
131894 0.998587570621469
132042 0.998589164785553
132193 0.9985907553551296
132344 0.9985923423423423
132498 0.9985939257592801
132647 0.9985955056179775
132797 0.9985970819304153
132945 0.9985986547085202
133095 0.9986002239641657
133244 0.9986017897091722
133395 0.9986033519553073
133543 0.9986049107142857
133699 0.9986064659977704
133848 0.998608017817372
133994 0.9986095661846496
134144 0.9986111111111111
134294 0.9986126526082131
134445 0.9986141906873615
134601 0.9986157253599114
134748 0.9986172566371682
134897 0.9986187845303868
135043 0.9986203090507726
135196 0.9986218302094818
135345 0.9986233480176211
135493 0.9986248624862486
135643 0.9986263736263736
135800 0.9986278814489572
135942 0.9986293859649122
136092 0.9986308871851041
136244 0.9986323851203501
136393 0.9986338797814208
136544 0.9986353711790393
136693 0.9986368593238822
136847 0.9986383442265795
136992 0.9986398258977149
137145 0.998641304347826
137294 0.998642779587405
137443 0.9986442516268981
137593 0.9986457204767064
137743 0.9986471861471862
137894 0.9986486486486487
138044 0.9986501079913607
138193 0.9986515641855448
138341 0.9986530172413793
138492 0.998654467168999
138643 0.9986559139784946
138794 0.998657357679914
138944 0.9986587982832618
139093 0.9986602357984995
139244 0.9986616702355461
139394 0.9986631016042781
139543 0.9986645299145299
139694 0.9986659551760939
139842 0.9986673773987207
139995 0.9986687965921193
140142 0.9986702127659575
140292 0.9986716259298618
140443 0.9986730360934183
140592 0.9986744432661718
140740 0.9986758474576272
140891 0.9986772486772487
141042 0.9986786469344608
141190 0.9986800422386484
141343 0.9986814345991561
141490 0.9986828240252897
141643 0.9986842105263158
141793 0.9986855941114616
141942 0.998686974789916
142090 0.998688352570829
142241 0.9986897274633124
142396 0.9986910994764397
142543 0.9986924686192469
142693 0.9986938349007315
142840 0.9986951983298539
142989 0.998696558915537
143139 0.9986979166666666
143291 0.9986992715920916
143442 0.9987006237006237
143592 0.9987019730010385
143742 0.9987033195020747
143891 0.9987046632124352
144040 0.9987060041407867
144190 0.9987073422957601
144341 0.9987086776859504
144491 0.9987100103199175
144639 0.9987113402061856
144792 0.998712667353244
144940 0.9987139917695473
145089 0.9987153134635149
145242 0.9987166324435318
145391 0.9987179487179487
145540 0.998719262295082
145690 0.9987205731832139
145841 0.998721881390593
145990 0.9987231869254342
146141 0.9987244897959183
146290 0.9987257900101937
146441 0.9987270875763747
146590 0.9987283825025433
146740 0.998729674796748
146891 0.998730964467005
147038 0.9987322515212982
147187 0.9987335359675785
147340 0.9987348178137652
147494 0.9987360970677452
147639 0.9987373737373737
147789 0.9987386478304743
147938 0.9987399193548387
148088 0.9987411883182276
148241 0.9987424547283702
148387 0.9987437185929648
148539 0.9987449799196787
148690 0.9987462387161484
148840 0.99874749498998
148995 0.9987487487487487
149138 0.99875
149289 0.9987512487512488
149440 0.9987524950099801
149590 0.998753738783649
149738 0.9987549800796812
149887 0.9987562189054726
150037 0.9987574552683897
150187 0.9987586891757696
150338 0.9987599206349206
150489 0.9987611496531219
150637 0.9987623762376238
150789 0.9987642115669797
150937 0.9987654320987654
151088 0.998766650222003
151237 0.9987678659438147
151390 0.9987690792712949
151538 0.9987702902115101
151688 0.9987714987714987
151837 0.998772704958272
151990 0.9987739087788131
152139 0.9987751102400784
152286 0.9987763093489965
152441 0.9987775061124694
152589 0.9987787005373717
152736 0.9987798926305514
152888 0.9987810823988298
153038 0.9987822698490014
153188 0.9987834549878345
153337 0.9987846378220709
153486 0.9987858183584264
153638 0.9987869966035905
153789 0.9987881725642268
153937 0.9987893462469734
154086 0.9987905176584422
154236 0.9987916868052199
154390 0.9987928536938677
154538 0.9987940183309214
154689 0.9987951807228915
154839 0.9987963408762638
154987 0.9987974987974988
155137 0.9987986544930322
155286 0.998799807969275
155435 0.9988009592326139
155587 0.9988021082894106
155735 0.9988032551460029
155887 0.998804399808704
156038 0.9988055422838031
156189 0.9988066825775657
156335 0.9988078206962328
156486 0.9988089566460219
156636 0.9988100904331271
156785 0.9988112220637185
156939 0.998812351543943
157084 0.9988134788799241
157240 0.998814604077762
157385 0.9988157271435338
157540 0.9988168480832939
157690 0.9988179669030733
157836 0.9988190836088805
157990 0.9988201982067013
158136 0.9988213107024988
158284 0.9988224211022139
158434 0.9988235294117647
158587 0.9988246356370475
158740 0.9988257397839361
158888 0.9988268418582825
159034 0.9988279418659165
159186 0.9988290398126464
159339 0.9988301357042583
159484 0.998831229546517
159636 0.9988323213451659
159788 0.9988334111059263
159934 0.9988344988344988
160088 0.9988355845365626
160238 0.9988366682177757
160385 0.9988377498837749
160537 0.9988388295401764
160688 0.9988399071925754
160834 0.9988409828465461
160984 0.9988420565076425
161136 0.9988431281813975
161284 0.9988441978733241
161434 0.9988452655889145
161583 0.998846331333641
161734 0.9988473951129553
161890 0.9988484569322893
162036 0.9988495167970548
162186 0.9988505747126437
162334 0.9988516306844281
162482 0.9988526847177605
162634 0.9988537368179734
162785 0.9988547869903802
162935 0.9988558352402745
163086 0.998856881572931
163236 0.9988579259936043
163386 0.9988589685075308
163536 0.998860009119927
163684 0.9988610478359908
163836 0.9988620846609012
163986 0.9988631195998181
164136 0.9988641526578828
164282 0.9988651838402178
164434 0.9988662131519275
164585 0.998867240598097
164735 0.9988682661837935
164887 0.998869289914066
165032 0.9988703117939449
165186 0.9988713318284425
165337 0.998872350022553
165486 0.9988733663812528
165632 0.9988743809095002
165783 0.9988753936122358
165936 0.998876404494382
166085 0.9988774135608441
166233 0.9988784208165097
166386 0.9988794262662484
166532 0.9988804299149127
166682 0.9988814317673378
166839 0.9988824318283416
166981 0.9988834301027244
167133 0.99888442659527
167285 0.9988854213107445
167432 0.9988864142538976
167585 0.9988874054294615
167730 0.9988883948421521
167896 0.9988893824966681
168033 0.998890368397692
168184 0.9988913525498891
168332 0.9988923349579087
168483 0.9988933156263834
168632 0.9988942945599293
168786 0.9988952717631463
168936 0.9988962472406181
169079 0.9988972209969122
169234 0.99889819303658
169382 0.9988991633641567
169532 0.9989001319841619
169684 0.9989010989010989
169836 0.9989020641194554
169985 0.9989030276437034
170135 0.998903989478299
170282 0.9989049496276828
170437 0.9989059080962801
170584 0.9989068648885002
170733 0.9989078200087375
170881 0.9989087734613706
171031 0.9989097252507632
171182 0.9989106753812637
171334 0.998911623857205
171485 0.9989125706829056
171631 0.9989135158626684
171780 0.9989144594007816
171930 0.9989154013015185
172082 0.9989163415691374
172232 0.9989172802078822
172382 0.9989184512221502
172531 0.9989193862113681
172684 0.9989203195854027
172832 0.9989212513484358
172982 0.9989221815046346
173129 0.998923110058152
173285 0.9989240370131267
173435 0.9989249623736831
173583 0.9989258861439313
173734 0.9989268083279674
173879 0.9989277289298735
174034 0.9989286479537176
174182 0.9989295654035538
174330 0.9989304812834224
174486 0.9989313955973499
174631 0.9989323083493488
174782 0.998933219543418
174931 0.998934129183543
175080 0.9989350372736954
175232 0.9989359438178336
175380 0.9989368488199022
175531 0.9989377522838326
175681 0.9989386542135428
175830 0.9989395546129375
175978 0.9989406779661016
176132 0.9989415749364945
176284 0.998942470389171
176429 0.9989433643279797
176582 0.9989442567567568
176733 0.9989451476793249
176884 0.9989460370994941
177032 0.9989469250210615
177181 0.9989478114478114
177328 0.9989486963835156
177481 0.9989495798319328
177629 0.9989504617968094
177780 0.9989513422818792
177932 0.9989522212908634
178080 0.9989530988274706
178229 0.9989539748953975
178380 0.9989548494983278
178534 0.9989557226399332
178681 0.9989565943238731
178828 0.9989574645537949
178979 0.9989583333333333
179128 0.9989592006661115
179280 0.9989600665557404
179428 0.9989609310058188
179581 0.9989617940199336
179733 0.9989626556016598
179880 0.9989635157545605
180026 0.9989643744821872
180177 0.9989652317880795
180330 0.9989660876757651
180479 0.9989669421487604
180626 0.9989677952105698
180778 0.9989686468646864
180930 0.9989694971145919
181080 0.9989703459637562
181229 0.9989711934156379
181376 0.9989720394736842
181528 0.9989728841413311
181676 0.9989737274220033
181829 0.998974569319114
181980 0.9989754098360656
182128 0.9989762489762489
182278 0.9989770867430442
182427 0.9989779231398201
182581 0.9989787581699346
182726 0.9989795918367347
182878 0.9989804241435563
183029 0.9989812550937245
183178 0.9989820846905537
183332 0.9989829129373474
183480 0.9989837398373984
183627 0.9989845653939886
183778 0.9989853896103896
183931 0.9989862124898621
184078 0.9989870340356564
184227 0.9989878542510121
184377 0.9989886731391586
184528 0.9989894907033144
184678 0.9989903069466882
184831 0.9989911218724778
184982 0.998991935483871
185127 0.9989927477840451
185277 0.9989935587761675
185432 0.9989943684633951
185575 0.9989951768488746
185725 0.998995983935743
185875 0.9989967897271268
186031 0.9989975942261428
186179 0.9989983974358975
186328 0.9989991993594876
186476 0.999
186626 0.9990007993605116
186778 0.9990015974440895
186927 0.9990023942537909
187075 0.9990031897926634
187229 0.999003984063745
187377 0.9990047770700637
187528 0.999005568814638
187677 0.999006359300477
187829 0.9990071485305798
187975 0.9990079365079365
188125 0.9990087232355274
188275 0.9990095087163233
188424 0.9990102929532858
188577 0.9990110759493671
188727 0.9990118577075099
188882 0.9990126382306477
189026 0.9990134175217048
189177 0.9990141955835962
189326 0.9990149724192278
189477 0.9990157480314961
189625 0.9990165224232888
189775 0.9990172955974843
189924 0.9990180675569521
190074 0.9990188383045526
190226 0.9990196078431373
190379 0.9990203761755486
190528 0.9990211433046202
190677 0.9990219092331768
190825 0.9990226739640344
190976 0.9990234375
191125 0.999024199843872
191274 0.99902496099844
191430 0.9990257209664848
191577 0.9990264797507789
191726 0.9990272373540856
191876 0.9990279937791602
192027 0.999028749028749
192177 0.99902950310559
192327 0.9990302560124127
192475 0.999031007751938
192622 0.9990317583268784
192776 0.9990325077399381
192925 0.9990332559938129
193073 0.9990340030911901
193227 0.999034749034749
193379 0.9990354938271605
193525 0.9990362374710872
193677 0.9990369799691834
193822 0.9990377213240954
193972 0.9990386464141511
194124 0.9990393852065321
194280 0.9990401228642733
194423 0.9990408593899865
194574 0.9990415947862756
194726 0.9990423290557364
194874 0.999043062200957
195027 0.9990437942245172
195176 0.9990445251289891
195322 0.9990452549169372
195474 0.9990459835909178
195625 0.9990467111534795
195776 0.9990474376071633
195952 0.9990481629545022
196101 0.9990488871980217
196252 0.9990496103402395
196405 0.9990503323836657
196552 0.9990510533308028
196700 0.9990517731841456
196851 0.9990524919461815
197000 0.9990532096193903
197159 0.9990539262062441
197306 0.9990546417092078
197456 0.9990553561307387
197602 0.9990560694732867
197757 0.9990567817392945
197901 0.9990574929311969
198051 0.9990582030514221
198202 0.9990589121023904
198359 0.9990596200865149
198498 0.9990603270062018
198651 0.9990610328638497
198800 0.9990617376618502
198958 0.9990624414025877
199100 0.9990631440884392
199253 0.999063845721775
199400 0.9990645463049579
199550 0.999065245840344
199701 0.9990659443302821
199850 0.999066641777114
199999 0.9990673381831748
200158 0.9990680335507922
200305 0.9990687278822872
200458 0.999069421179974
200607 0.9990701134461596
200747 0.9990708046831444
200900 0.9990714948932219
201050 0.9990721840786788
201200 0.9990730441230997
201351 0.9990737310114858
201500 0.9990744168826361
201649 0.9990751017388088
201804 0.9990757855822551
201949 0.9990764684152198
202108 0.9990771502399409
202248 0.9990778310586499
202399 0.9990785108735717
202550 0.9990791896869244
202701 0.9990798675009201
202850 0.9990805443177638
203000 0.9990812201396545
203151 0.9990818949687844
203303 0.9990825688073395
203448 0.9990832416574991
203602 0.9990839135214364
203748 0.9990845844013182
203898 0.9990852542993048
204049 0.9990859232175503
204199 0.9990865911582024
204352 0.9990872581234027
204500 0.9990879241152864
204649 0.9990885891359825
204799 0.9990892531876139
204948 0.999089916272297
205100 0.9990905783921425
205251 0.9990912395492548
205398 0.999091899745732
205554 0.9990925589836661
205698 0.9990932172651432
205852 0.9990938745922435
205999 0.9990945309670409
206147 0.9990951863916033
206298 0.9990958408679927
206447 0.9990964943982653
206597 0.9990971469844709
206748 0.9990977986286539
206899 0.9990984493328525
207051 0.9990990990990991
207199 0.9990997479294202
207349 0.9991003958258367
207498 0.9991010427903632
207649 0.9991016888250089
207799 0.9991023339317774
207951 0.9991029781126659
208098 0.9991036213696666
208249 0.9991042637047653
208401 0.9991049051199428
208554 0.9991055456171736
208700 0.9991061851984269
208846 0.9991068238656663
208996 0.9991074616208497
209150 0.9991080984659294
209297 0.9991087344028521
209448 0.999109369433559
209597 0.9991100035599858
209749 0.9991106367840626
209899 0.9991112691077142
210048 0.9991119005328597
210196 0.9991125310614128
210348 0.999113160695282
210504 0.9991137894363701
210645 0.9991144172865746
210798 0.9991150442477876
210950 0.999115670321896
211101 0.9991162955107812
211253 0.9991169198163193
211398 0.9991175432403813
211548 0.9991181657848325
211695 0.9991187874515333
211847 0.9991194082423388
212001 0.999120028159099
212148 0.9991206472036581
212303 0.9991212653778558
212462 0.9991218826835265
212598 0.9991224991224992
212744 0.9991231146965976
212901 0.999123729407641
213044 0.999124343257443
213196 0.9991249562478124
213347 0.9991255683805527
213495 0.9991261796574624
213750 0.9991267900803353
214127 0.9984304150680153
214264 0.9982572324851865
214629 0.9975635224504003
214755 0.9970434782608696
215055 0.9958318860715526
215512 0.9944540727902946
215885 0.9930831748227563
215905 0.9930879557629169
216660 0.9913837670170601
216700 0.9913897020836921
216853 0.9913956289795216
217013 0.9914015477214101
217200 0.9914074583261728
217384 0.9912416280267903
217398 0.9912476402951776
217974 0.9898955300565165
218000 0.9899024473729249
218162 0.9899093552249016
218300 0.9899162536318578
218445 0.9899231426131512
218601 0.9899300221880867
218751 0.9899368923759168
218944 0.9897733083347537
219053 0.9897802759325498
219198 0.9897872340425532
219391 0.98979418268413
219536 0.9898011218765935
219667 0.989808051639205
219797 0.989814971991173
220037 0.9894826123833758
220105 0.9894897440244109
220261 0.9894968660003388
220595 0.989003552698359
220838 0.9886728655959425
221278 0.9878439979739997
221419 0.9866801551171809
221443 0.9866891322662174
221597 0.9866980973227816
221743 0.9867070503112906
221898 0.9867159912560955
222043 0.9867249201814821
222200 0.9867338371116708
222348 0.9867427420708172
222495 0.9867516350830119
222648 0.9867605161722809
222807 0.9867693853625858
222953 0.9867782426778242
223101 0.9867870881418297
223247 0.986795921778372
223397 0.9868047436111576
223552 0.9868135536638291
223702 0.9868223519599666
223855 0.9868311385230871
224011 0.986839913376645
224148 0.986848676544032
224297 0.9868574280485776
224451 0.9868661679135494
224612 0.9868748961621532
224761 0.9868836128175328
224903 0.9868923179027709
225064 0.9869010114408887
225196 0.9869096934548467
225357 0.9869183639675443
225500 0.9869270230018203
225649 0.9869356705804532
225800 0.986944306726161
225949 0.986952931461602
226096 0.9869615448093745
226255 0.9869701467920171
226408 0.9869808833223468
226546 0.9869894598155468
226695 0.9869980250164582
226845 0.9870065789473684
227003 0.9870151216305062
227151 0.9870236530880421
227308 0.987032173342088
227448 0.9870406824146981
227598 0.9870491803278688
227748 0.9870576671035387
227892 0.9870661427635887
228056 0.987074607329843
228207 0.987083060824068
228352 0.9870915032679739
228502 0.9870999346832136
228642 0.9871083550913838
228803 0.9871167645140247
