-2880.7 0.0
-2722.59 1.0
-2577.37 1.0
-2314.53 0.8888888888888888
-2245.45 0.9090909090909091
-2088.11 0.8846153846153846
-1934.4 0.8666666666666667
5.5 0.0
157.084 3.1666666666666665
310.048 2.625
459.132 2.3
608.6 2.0833333333333335
757.813 1.9285714285714286
908.775 1.8125
1058.36 1.7222222222222223
1208.2 1.65
1355.92 1.5909090909090908
1506.26 1.5416666666666667
1657.59 1.5
1807.68 1.4642857142857142
1957.14 1.4333333333333333
2108.23 1.40625
2258.7 1.3823529411764706
2409.41 1.3611111111111112
2556.5 1.3421052631578947
2706.09 1.325
2855.67 1.3095238095238095
3007.64 1.2954545454545454
3156.85 1.2826086956521738
3307.32 1.2708333333333333
3458.15 1.26
3606.99 1.25
3761.7 1.2407407407407407
3906.04 1.2321428571428572
4054.89 1.2241379310344827
4206.59 1.2166666666666666
4356.56 1.2096774193548387
4506.27 1.203125
4656.49 1.196969696969697
4807.82 1.1911764705882353
4957.66 1.1857142857142857
5107 1.1805555555555556
5255.84 1.1756756756756757
5405.05 1.1710526315789473
5555.77 1.1666666666666667
5707.73 1.1625
5854.82 1.1585365853658536
6005.53 1.1547619047619047
6158.12 1.1511627906976745
6309.21 1.1477272727272727
6457.05 1.1444444444444444
6608.51 1.141304347826087
6756.22 1.1382978723404256
6905.69 1.1354166666666667
7055.9 1.1326530612244898
7204.49 1.13
7357.58 1.1274509803921569
7506.79 1.125
7657.88 1.1226415094339623
7807.47 1.1203703703703705
7954.56 1.1181818181818182
8106.02 1.1160714285714286
8254.11 1.1140350877192982
8404.7 1.1120689655172413
8554.41 1.1101694915254237
8706.25 1.1083333333333334
8857.49 1.1065573770491803
9006.55 1.1048387096774193
9155.64 1.1031746031746033
9304.98 1.1015625
9454.94 1.1
9603.78 1.0984848484848484
9753.37 1.0970149253731343
9904.58 1.0955882352941178
10055 1.0942028985507246
10205.4 1.0928571428571427
10354.6 1.091549295774648
10504.1 1.0902777777777777
10658.3 1.0890410958904109
10804.2 1.087837837837838
10953.6 1.0866666666666667
11103.2 1.0855263157894737
11253.1 1.0844155844155845
11403.8 1.0833333333333333
11553.8 1.0822784810126582
11704.5 1.08125
11854.9 1.0802469135802468
12005.6 1.079268292682927
12153.8 1.0783132530120483
12303.9 1.0773809523809523
12453.2 1.076470588235294
12604.3 1.0755813953488371
12754 1.0747126436781609
12904.2 1.0738636363636365
13054.8 1.0730337078651686
13203.4 1.0722222222222222
13354.4 1.0714285714285714
13503.2 1.0706521739130435
13655.9 1.0698924731182795
13802.4 1.0691489361702127
13952.1 1.068421052631579
14102.8 1.0677083333333333
14253.8 1.0670103092783505
14403.1 1.066326530612245
14552.9 1.0656565656565657
14702.9 1.065
14854.7 1.0643564356435644
15005.1 1.0637254901960784
15152.4 1.0631067961165048
15301.9 1.0625
15453 1.061904761904762
15601.9 1.0613207547169812
15752.3 1.060747663551402
15904 1.0601851851851851
16055.2 1.0596330275229358
16203.5 1.059090909090909
16353 1.0585585585585586
16502.3 1.0580357142857142
16651.3 1.0575221238938053
16802.5 1.0570175438596492
16952.9 1.0565217391304347
17103 1.0560344827586208
17252.3 1.0555555555555556
17405.3 1.055084745762712
17552.2 1.0546218487394958
17702.4 1.0541666666666667
17850.5 1.0537190082644627
18001 1.0532786885245902
18151.6 1.0528455284552845
18301.8 1.0524193548387097
18451 1.052
18602.3 1.0515873015873016
18752.9 1.0511811023622046
18902.3 1.05078125
19051.7 1.050387596899225
19202.7 1.05
19351.5 1.049618320610687
19501.2 1.0492424242424243
19651.1 1.0488721804511278
19801.2 1.0485074626865671
19952.8 1.048148148148148
20102.6 1.0477941176470589
20253.8 1.0474452554744527
20402.8 1.0471014492753623
20552 1.0467625899280575
20700.9 1.0464285714285715
20851.5 1.0460992907801419
21002.6 1.045774647887324
21153.3 1.0454545454545454
21302.4 1.0451388888888888
21451 1.044750430292599
21600.4 1.0444444444444445
21752.1 1.0441426146010186
21902.7 1.0438448566610454
22050.5 1.0435510887772195
22199.3 1.043261231281198
22350.3 1.0429752066115703
22502.1 1.0426929392446633
22652 1.0424143556280587
22800.9 1.0421393841166937
22950.4 1.0418679549114331
23100.6 1.0416
23250.1 1.041335453100159
23399.8 1.0410742496050553
23549.8 1.0408163265306123
23701.5 1.0405616224648986
23851.2 1.0403100775193799
24002.1 1.0400616332819723
24149.5 1.0398162327718223
24299.3 1.0395738203957383
24451.4 1.0393343419062027
24599.7 1.0390977443609022
24748 1.038863976083707
24898.7 1.0386329866270432
25051.4 1.0384047267355982
25199.7 1.0381231671554252
25353.7 1.0379008746355685
25501.5 1.03768115942029
25650.2 1.037463976945245
25802 1.0372492836676217
25950.7 1.037037037037037
26100.6 1.0368271954674222
26247.5 1.036619718309859
26398.9 1.0364145658263306
26550.6 1.0362116991643453
26698.5 1.03601108033241
26849.6 1.0358126721763086
27000.7 1.0356164383561643
27148.4 1.0354223433242506
27303 1.0352303523035231
27483.2 1.0350404312668464
27625.2 1.03485254691689
27777.7 1.0346666666666666
27927.9 1.0344827586206897
28075.8 1.0343007915567282
28226.4 1.0341207349081365
28378.1 1.0339425587467364
28528.8 1.0337662337662337
28678.2 1.0335917312661498
28827.3 1.0334190231362468
28975.7 1.0332480818414322
29125.2 1.0330788804071247
29276.2 1.0329113924050632
29426.1 1.0327455919395465
29578.7 1.0325814536340852
29725.9 1.032418952618454
29876.8 1.032258064516129
30026.5 1.0320987654320988
30176.6 1.031941031941032
30324.5 1.0317848410757946
30474.4 1.0316301703163018
30628.3 1.0314769975786926
30777.6 1.0313253012048194
30925.6 1.0311750599520384
31078.2 1.0310262529832936
31225.8 1.0308788598574823
31378.7 1.0307328605200945
31526.9 1.0305882352941176
31677.1 1.0304449648711944
31824 1.0303030303030303
31974.6 1.0301624129930393
32125.3 1.0300230946882216
32277.6 1.0298850574712644
32424.4 1.0297482837528604
32578.4 1.029612756264237
32726.3 1.0294784580498866
32875.9 1.0293453724604966
33026.6 1.0292134831460673
33173.3 1.029082774049217
33324.6 1.0289532293986636
33474.9 1.0288248337028825
33626.5 1.0286975717439293
33776.1 1.0285714285714285
33926.5 1.0284463894967177
34077 1.028322440087146
34225 1.0281995661605206
34378.4 1.0280777537796977
34523.1 1.027956989247312
34674.5 1.0278372591006424
34824.4 1.0277185501066097
34975.9 1.0276008492569002
35125.1 1.0274841437632136
35276.5 1.0273684210526315
35424.7 1.0272536687631026
35576.9 1.0271398747390397
35725.1 1.027027027027027
35873.2 1.0269151138716357
36023.3 1.02680412371134
36174 1.0266940451745379
36326.3 1.0265848670756645
36475.8 1.0264765784114054
36626 1.026369168356998
36776.6 1.0262626262626262
36925.3 1.0261569416498995
37074.6 1.0260521042084167
37222.2 1.0259481037924152
37373.3 1.025844930417495
37522.4 1.0257425742574258
37672.9 1.0256410256410255
37826.5 1.0255402750491158
37974.8 1.025440313111546
38125 1.0253411306042886
38273 1.025242718446602
38424.7 1.0251450676982592
38573 1.02504816955684
38721.8 1.0249520153550864
38874.1 1.0248565965583174
39026.2 1.0247619047619048
39174.8 1.0246679316888045
39323.8 1.0245746691871456
39475.1 1.024482109227872
39623.5 1.024390243902439
39772.4 1.0242990654205608
39924.9 1.0242085661080074
40071.5 1.0241187384044528
40221.6 1.024029574861368
40372.3 1.0239410681399632
40521.7 1.0238532110091743
40672.4 1.023765996343693
40823.2 1.02367941712204
40974.6 1.0235934664246824
41123.7 1.0235081374321882
41273.1 1.0234234234234234
41420.8 1.0233393177737882
41570.9 1.0232558139534884
41723.4 1.0231729055258467
41875.1 1.0230905861456483
42023.1 1.023008849557522
42173.4 1.0229276895943562
42322.1 1.0228471001757469
42472.1 1.02276707530648
42622.7 1.0226876090750436
42770.6 1.0226086956521738
42922 1.022530329289428
43073.7 1.0224331320103537
43221.5 1.0223559759243337
43372.7 1.022279348757498
43523.7 1.022203245089667
43672.8 1.0221276595744682
43822.4 1.0220525869380832
43973.5 1.021978021978022
44120.3 1.0219039595619208
44270.9 1.0218303946263645
44424.7 1.0217573221757321
44574.8 1.0216847372810676
44723.6 1.0216126350789692
44872.9 1.0215410107705054
45024.2 1.0214698596201486
45174 1.0213991769547326
45321.9 1.0213289581624283
45474.1 1.0212591986917416
45619.9 1.0211898940505297
45770.1 1.0211210398050365
45921.4 1.0210526315789474
46071.9 1.0209846650524617
46225.9 1.0209171359613838
46371.4 1.020850040096231
46522.3 1.020783373301359
46670.8 1.0207171314741035
46820.8 1.0206513105639397
46971.3 1.0205859065716547
47120.1 1.02052091554854
47270.7 1.020456333595594
47422.2 1.0203921568627452
47573.7 1.0203283815480844
47726.8 1.0202650038971162
47871.1 1.02020202020202
48022.2 1.0201394268009296
48171.1 1.0200772200772201
48322.3 1.0200153964588146
48470.1 1.019953952417498
48619.1 1.019892884468248
48769.8 1.0198321891685735
48921.8 1.0197718631178707
49071.3 1.0197119029567854
49220.6 1.0196523053665911
49372.9 1.0195930670685758
49525.7 1.019534184823441
49683.9 1.0194756554307116
49819.9 1.0194174757281553
49969.4 1.0193596425912137
50123.8 1.0193021529324424
50271.2 1.0192450037009622
50421.1 1.019174041297935
50569.5 1.0191176470588235
50719.4 1.0190615835777126
50870.4 1.0190058479532165
51024.5 1.0189504373177842
51171.1 1.0188953488372092
51324.4 1.018840579710145
51470.5 1.01878612716763
51623.2 1.0187319884726225
51774.3 1.0186781609195403
51921.6 1.018624641833811
52071.1 1.0185714285714285
52221.4 1.0185185185185186
52377.3 1.0184659090909092
52521 1.018413597733711
52669.2 1.018361581920904
52819.7 1.0183098591549296
52971.6 1.0182584269662922
53121.5 1.0182072829131652
53268.7 1.0181564245810055
53421.9 1.0181058495821727
53570.4 1.0180555555555555
53720.5 1.018005540166205
53867.3 1.0179558011049723
54018.1 1.0179063360881542
54177.7 1.0178571428571428
54319.2 1.0178082191780822
54474.9 1.0177595628415301
54622 1.0177111716621254
54769.1 1.017663043478261
54918.5 1.0176151761517616
55068 1.0175675675675675
55216.1 1.017520215633423
55367.9 1.01747311827957
55520.8 1.017426273458445
55672.6 1.017379679144385
55820.3 1.0173333333333334
55973 1.0172872340425532
56118.5 1.0172413793103448
56274.8 1.0171957671957672
56421.9 1.017150395778364
56571.4 1.0171052631578947
56717.5 1.0170603674540681
56866.8 1.0170157068062826
57017.4 1.016971279373368
57169.2 1.0169270833333333
57322 1.016883116883117
57470 1.016839378238342
57619.3 1.016795865633075
57773.1 1.0167525773195876
57921.8 1.0167095115681235
58073 1.0166666666666666
58227 1.0166240409207161
58373.6 1.0165816326530612
58520.2 1.0165394402035624
58669.6 1.016497461928934
58818.8 1.0164556962025317
58979.8 1.0164141414141414
59120.1 1.0163727959697733
59267.7 1.0163316582914572
59417.7 1.0162907268170427
59572.4 1.01625
59722.7 1.0162094763092269
59874.2 1.0161691542288558
60019.8 1.0161290322580645
60172.5 1.016089108910891
60320.8 1.0160493827160493
60471.3 1.0160098522167487
60626.3 1.015970515970516
60765.5 1.0159313725490196
60918.7 1.0158924205378974
61069.3 1.0158536585365854
61220.7 1.0158150851581509
61365.8 1.0157766990291262
61525.4 1.0157384987893463
61666.8 1.0157004830917875
61817.9 1.0156626506024096
61966.6 1.015625
62117.4 1.015587529976019
62273 1.0155502392344498
62427 1.0155131264916468
62573.2 1.0154761904761904
62719.6 1.015439429928741
62869.7 1.0154028436018958
63017.8 1.0153664302600474
63166.6 1.0153301886792452
63317.4 1.015294117647059
63469.6 1.0152582159624413
63619 1.015222482435597
63769 1.0151869158878504
63916.6 1.0151515151515151
64078.6 1.0151162790697674
64222.4 1.0150812064965198
64366.8 1.0150462962962963
64516.8 1.0150115473441108
64669.5 1.0149683362118596
64820.9 1.0149339460080413
64966 1.0148997134670488
65112.8 1.014865637507147
65263.5 1.0148317170564747
65416.6 1.014797951052931
65580.1 1.0147643384440659
65720.4 1.0147308781869688
65866.6 1.0146975692481628
66014.1 1.014664410603497
