73.055 0.0
231.822 0.9166666666666666
379.661 0.9375
528 0.95
675.585 0.9583333333333334
826.422 0.9642857142857143
975.272 0.96875
1125.23 0.9722222222222222
1278.19 0.975
1433.28 0.9772727272727273
1575.12 0.9791666666666666
1724.83 0.9807692307692307
1874.79 0.9821428571428571
2024.5 0.9833333333333333
2174.97 0.9846153846153847
2325.05 0.9863013698630136
2474.52 0.987012987012987
2624.48 0.9876543209876543
2776.08 0.9882352941176471
2925.16 0.9887640449438202
3074.12 0.989247311827957
3223.84 0.9896907216494846
3373.92 0.9900990099009901
3524.14 0.9904761904761905
3675.85 0.9908256880733946
3824.06 0.9911504424778761
3974.03 0.9914529914529915
4123.99 0.9917355371900827
4273.95 0.992
4423.79 0.9922480620155039
4573.38 0.9924812030075187
4723.6 0.9927007299270073
4873.68 0.9929078014184397
5023.64 0.993103448275862
5173.73 0.9932885906040269
5323.57 0.9934640522875817
5473.54 0.9936305732484076
5623.5 0.9937888198757764
5773.39 0.9939393939393939
5922.92 0.9940828402366864
6073.01 0.9942196531791907
6223.23 0.9943502824858758
6373.19 0.994475138121547
6523.15 0.9945945945945946
6673.12 0.9947089947089947
6823.08 0.9948186528497409
6973.04 0.9949238578680203
7122.51 0.9950248756218906
7272.47 0.9951219512195122
7422.69 0.9952153110047847
7572.78 0.9953051643192489
7722.74 0.9953917050691244
7872.7 0.995475113122172
8024.04 0.9955555555555555
8172.63 0.9956331877729258
8322.59 0.9957081545064378
8472.06 0.9957805907172996
8622.39 0.995850622406639
8772.36 0.9959183673469387
8922.32 0.9959839357429718
9072.28 0.9960474308300395
9222.25 0.9961089494163424
9372.59 0.9961685823754789
9522.17 0.9962264150943396
9672.14 0.9962825278810409
9821.6 0.9963369963369964
9971.69 0.9963898916967509
10121.9 0.99644128113879
10271.9 0.9964912280701754
10422.1 0.9965397923875432
10571.8 0.9965870307167235
10721.8 0.9966329966329966
10871.8 0.9966777408637874
11021.7 0.9967213114754099
11171.1 0.9967637540453075
11321.2 0.9968051118210862
11471.6 0.9968454258675079
11621.4 0.9968847352024922
11771.4 0.9969230769230769
11921.5 0.9969604863221885
12071.4 0.996996996996997
12221.3 0.9970326409495549
12371.1 0.9970674486803519
12520.7 0.9971014492753624
12671.4 0.997134670487106
12821 0.9971671388101983
12971 0.9971988795518207
13120.9 0.997229916897507
13271.3 0.9972602739726028
13420.8 0.997289972899729
13570.8 0.9973190348525469
13720.5 0.9973474801061007
13870.7 0.9973753280839895
14020.5 0.9974025974025974
14171 0.9974293059125964
14320.9 0.9974554707379135
14470.7 0.9974811083123426
14620.6 0.9975062344139651
14770.5 0.9975308641975309
14920.9 0.9975550122249389
15071.1 0.9975786924939467
15220.2 0.9976019184652278
15370.2 0.997624703087886
15521.3 0.9976470588235294
15670.7 0.9976689976689976
15821.1 0.9976905311778291
15970.5 0.9977116704805492
16120.4 0.9977324263038548
16270.5 0.9977528089887641
16420.4 0.9977728285077951
16570.3 0.9977924944812362
16720.2 0.9978118161925602
16870.8 0.9978308026030369
17021 0.9978494623655914
17170.7 0.997867803837953
17320.3 0.9978858350951374
17470.4 0.9979035639412998
17620.3 0.997920997920998
17769.5 0.9979381443298969
17919.9 0.9979550102249489
18070 0.9979716024340771
18220.1 0.9979879275653923
18370.3 0.998003992015968
18520.2 0.998019801980198
18670.1 0.9980353634577603
18819.9 0.9980506822612085
18969.9 0.9980657640232108
19119.2 0.9980806142034548
19269.9 0.9980952380952381
19419.6 0.998109640831758
19569.6 0.99812382739212
19719.6 0.9981378026070763
19869.5 0.9981515711645101
20019.5 0.998165137614679
20169.5 0.9981785063752276
20319.7 0.9981916817359855
20468.9 0.9982046678635548
20619.5 0.9982174688057041
20769.2 0.9982300884955753
20919.1 0.9982425307557118
21069.1 0.9982547993019197
21219.1 0.9982668977469671
21369 0.9982788296041308
21519 0.9982935153583617
21668.8 0.9983050847457627
21818.4 0.9983164983164983
21968.6 0.9983277591973244
22118.7 0.9983388704318937
22268.8 0.9983498349834984
22418.9 0.9983606557377049
22568.6 0.998371335504886
22719.4 0.9983818770226537
22868.5 0.9983922829581994
23018.4 0.9984025559105432
23170.5 0.9984126984126984
23318.1 0.998422712933754
23469 0.9984326018808778
23618.4 0.9984423676012462
23768.2 0.9984520123839009
23918.2 0.9984615384615385
24068.1 0.9984709480122325
24218.3 0.9984802431610942
24368.3 0.9984894259818731
24517.8 0.9984984984984985
24667.6 0.9985074626865672
24817.8 0.9985163204747775
24967.8 0.9985250737463127
25117.7 0.998533724340176
25268.6 0.9985443959243085
25417.7 0.9985528219971056
25567.6 0.9985611510791367
25717.1 0.9985693848354793
25867.2 0.9985775248933144
26017.8 0.9985855728429985
26167.4 0.9985935302390999
26317.3 0.9986013986013986
26467.5 0.9986091794158554
26617.5 0.9986168741355463
26767.8 0.9986244841815681
26917.2 0.9986320109439124
27066.6 0.998639455782313
27216.6 0.9986468200270636
27366.7 0.9986541049798116
27516.9 0.998661311914324
27666.9 0.9986684420772304
27816.8 0.9986754966887417
27966.8 0.9986824769433466
28117.3 0.9986893840104849
28266.7 0.9986962190352021
28416.2 0.9987029831387808
28566.3 0.9987096774193548
28716.5 0.9987163029525032
28866.7 0.9987228607918263
29016.4 0.9987293519695044
29166.4 0.9987357774968394
29316.3 0.9987421383647799
29466.3 0.9987484355444305
29616.8 0.9987546699875467
29765.7 0.9987608426270136
29915.8 0.998766954377312
30066.9 0.9987730061349693
30215.6 0.9987789987789988
30365.8 0.9987849331713244
30543.7 0.9987908101571947
30693.9 0.9987966305655837
30843.9 0.9988023952095808
30994.1 0.99880810488677
31143.2 0.9988137603795967
31293.3 0.9988193624557261
31443.4 0.9988249118683902
31593.8 0.9988304093567252
31743.3 0.9988358556461001
31893.3 0.9988412514484357
32043.2 0.9988465974625144
32194.2 0.9988518943742825
32343.4 0.9988571428571429
32492.8 0.9988623435722411
32642.8 0.9988674971687429
32793.8 0.9988726042841037
32943.3 0.9988776655443322
33093.6 0.9988826815642458
33242.8 0.9988876529477196
33392.8 0.9988925802879292
33542.8 0.9988974641675854
33693.2 0.9989023051591658
33842.6 0.9989071038251366
33992.4 0.998911860718172
34142.5 0.9989165763813651
34292.4 0.9989212513484358
34442.4 0.9989258861439313
34592.4 0.9989304812834224
34742.3 0.9989350372736954
34892.3 0.9989395546129375
35041.8 0.9989440337909187
35191.7 0.9989484752891693
35341.8 0.9989528795811519
35492 0.9989572471324296
35642 0.9989615784008308
35791.9 0.9989658738366081
35941.9 0.9989701338825953
36091.9 0.9989743589743589
36241.8 0.9989785495403473
36391.3 0.9989827060020345
36541.3 0.9989868287740629
36691.4 0.9989909182643795
36841.6 0.9989949748743718
36991.5 0.998998998998999
37141.5 0.9990029910269193
37291.5 0.9990069513406157
37441.4 0.9990108803165183
37591.4 0.9990147783251232
37741.7 0.9990186457311089
37890.9 0.9990224828934506
38040.9 0.9990262901655307
38191 0.9990300678952473
38341.1 0.9990338164251208
38491 0.9990375360923965
38641 0.9990412272291467
38791 0.9990448901623686
38940.9 0.9990485252140818
39091.1 0.9990521327014218
39240.9 0.9990557129367328
39390.6 0.9990592662276576
39540.7 0.9990627928772259
39690.9 0.9990662931839402
39840.6 0.9990697674418605
39990.6 0.9990732159406858
40140.5 0.9990766389658357
40290.5 0.9990800367985281
40440.1 0.999083409715857
40590 0.9990867579908675
40740.2 0.9990900818926297
40890.2 0.99909338168631
41040.2 0.999096657633243
41190.1 0.9990999099909991
41340.1 0.9991031390134529
41490.1 0.9991063449508489
41640 0.9991095280498664
41789.5 0.9991126885536823
41939.6 0.9991158267020336
42089.8 0.9991189427312775
42240 0.9991220368744512
42390 0.9991251093613298
42539.7 0.999128160418483
42689.6 0.9991311902693311
42840 0.9991341991341991
42989.6 0.999137187230371
43139 0.9991408934707904
43289.1 0.9991438356164384
43439.3 0.9991467576791809
43589.3 0.9991496598639455
43739.5 0.9991525423728813
43889.2 0.9991554054054054
44039.2 0.9991582491582491
44189.2 0.9991610738255033
44339.1 0.9991638795986622
44488.7 0.9991666666666666
44638.8 0.9991694352159468
44788.9 0.9991721854304636
44938.8 0.9991749174917491
45088.8 0.9991776315789473
45238.8 0.9991803278688525
45388.7 0.9991830065359477
45538.7 0.999185667752443
45688.2 0.9991883116883117
45838.1 0.9991909385113269
45988.2 0.9991935483870967
46138.4 0.9991961414790996
46288.4 0.999198717948718
46438.4 0.9992012779552716
46588.3 0.9992038216560509
46738.3 0.9992063492063492
46888.9 0.9992088607594937
47038 0.999211356466877
47187.7 0.9992138364779874
47338.4 0.9992163009404389
47488 0.99921875
47638.1 0.9992211838006231
47787.9 0.9992236024844721
47937.9 0.9992260061919505
48087.8 0.9992283950617284
48237.8 0.9992307692307693
48387.3 0.9992331288343558
48537.3 0.9992360580595875
48687.3 0.9992383853769993
48837.5 0.9992406985573272
48987.5 0.9992429977289932
49138.1 0.999245283018868
49287.4 0.999247554552295
49437.6 0.9992498124531133
49587.3 0.9992520568436799
49736.8 0.9992542878448919
49887.1 0.9992565055762082
50037.1 0.9992587101556709
50187.3 0.9992609016999261
50337 0.9992630803242447
50487.6 0.9992657856093979
50637.2 0.9992679355783309
50786.9 0.9992700729927008
50936.9 0.9992721979621543
51086.2 0.9992743105950653
51236.4 0.9992764109985528
51387 0.9992784992784993
51537 0.9992805755395684
51686.5 0.9992826398852224
51836.3 0.9992846924177397
51986.4 0.9992867332382311
52136.1 0.9992887624466572
52286.7 0.999290780141844
52435.4 0.9992927864214993
52585.7 0.9992947813822285
52735.8 0.9992967651195499
52885.8 0.9992987377279102
53035.7 0.9993006993006993
53185.7 0.999302649930265
53335.7 0.9993045897079277
53485.5 0.9993065187239945
53635.8 0.9993084370677732
53785.7 0.9993103448275862
53935.9 0.9993122420907841
54085.6 0.9993141289437586
54235.5 0.9993160054719562
54386.4 0.9993178717598908
54535.6 0.9993197278911564
54685.5 0.9993215739484396
54835.7 0.9993234100135318
54984.9 0.9993252361673415
55134.5 0.9993270524899058
55284.6 0.9993288590604027
55435.2 0.999330655957162
55586.4 0.9993324432576769
55735 0.9993342210386151
55884.7 0.99933598937583
56034.9 0.9993377483443708
56184.6 0.9993394980184941
56334.6 0.9993412384716732
56484.3 0.9993429697766097
56634.2 0.9993446920052425
56784.7 0.9993464052287582
56934.3 0.999348109517601
57084.4 0.9993498049414824
57235.1 0.9993514915693904
57384.7 0.999353169469599
57534.8 0.9993548387096775
57683.6 0.9993564993564994
57834.1 0.9993581514762516
57984.2 0.9993597951344431
58133.9 0.9993614303959132
58284.1 0.9993630573248408
58434.4 0.9993646759847522
58583.8 0.9993662864385298
58734.6 0.9993678887484198
58884.2 0.9993694829760403
59033.3 0.9993710691823899
59183.9 0.9993726474278545
59334.1 0.9993742177722152
59483.8 0.9993757802746567
59633.8 0.9993773349937733
59784.3 0.9993788819875776
59934.1 0.9993804213135068
60083.6 0.9993819530284301
60233.7 0.9993834771886559
60383.2 0.9993849938499385
60533.7 0.9993865030674847
60683.3 0.9993880048959608
60834.1 0.9993894993894994
60985.4 0.9993909866017052
61134.8 0.9993924665856622
61283.6 0.9993939393939394
61433.6 0.9993954050785974
61583.3 0.9993968636911942
61733 0.9993983152827918
61884.5 0.9993997599039616
62033 0.9994011976047904
62183.8 0.9994026284348865
62333.6 0.9994040524433849
62482.9 0.9994054696789536
62634 0.9994068801897983
62782.9 0.9994082840236687
62932.8 0.999409681227863
63082.3 0.9994110718492344
63232.5 0.999412455934195
63383.7 0.9994138335287222
63532.6 0.9994152046783625
63682.9 0.9994165694282381
63833 0.9994179278230501
63982.4 0.9994192799070848
64132.4 0.9994206257242179
64282.9 0.999421965317919
64432.7 0.9994232987312572
64583.2 0.9994246260069045
64732.6 0.9994262765347103
64882.6 0.9994275901545506
65033.6 0.9994288977727013
65182.4 0.9994301994301994
65332 0.9994314951677089
65483.3 0.9994327850255247
65631.9 0.9994340690435767
65781.9 0.9994353472614342
65931.5 0.9994366197183099
66082.9 0.9994378864530635
66232 0.9994391475042064
66381.6 0.9994404029099049
66532 0.9994416527079844
66682.3 0.9994428969359331
66833.8 0.9994441356309061
66982.5 0.9994453688297282
67132.7 0.9994465965688988
67282.4 0.9994478188845941
67432.2 0.9994490358126722
67582.7 0.999450247388675
67731.5 0.9994514536478333
67882.4 0.9994526546250684
68031.1 0.9994538503549972
68181.7 0.9994550408719346
68331.6 0.9994562262098967
68481.9 0.9994574064026045
68630.7 0.9994588744588745
68781.1 0.9994600431965442
68931.6 0.9994614970382337
69087.3 0.999462654486835
