4.974 0.0
156.721 1.0
308.937 1.0
514.779 0.9473684210526315
720.525 0.9130434782608695
756.985 0.9259259259259259
906.461 0.9354838709677419
1099.43 0.9142857142857143
1248.9 0.8974358974358975
1356.88 0.9069767441860465
1506.87 0.9148936170212766
1657.08 0.9215686274509803
1932.68 0.9272727272727272
2019.89 0.9322033898305084
2106.5 0.9365079365079365
2255.86 0.9402985074626866
2406.07 0.9436619718309859
2556.3 0.9466666666666667
2705.77 0.9493670886075949
2855.74 0.9518072289156626
3007.09 0.9540229885057471
3156.56 0.9560439560439561
3307.04 0.9578947368421052
3456.39 0.9595959595959596
3606.36 0.9611650485436893
3757.71 0.9626168224299065
3906.32 0.963963963963964
4056.03 0.9652173913043478
4206.76 0.9663865546218487
4356.26 0.967479674796748
4506.58 0.968503937007874
