2.198 0.0
154.207 0.9166666666666666
312.683 0.9375
453.629 0.95
604.342 0.9583333333333334
752.801 0.9642857142857143
903.014 0.96875
1053.1 0.9722222222222222
1203.32 0.975
1353.03 0.9772727272727273
1504.74 0.9791666666666666
1653.33 0.9807692307692307
1802.67 0.9821428571428571
1952.69 0.9833333333333333
2102.09 0.984375
2252.68 0.9852941176470589
2402.4 0.9861111111111112
2552.36 0.9868421052631579
2702.32 0.9875
2852.98 0.9880952380952381
3002.75 0.9886363636363636
3152.22 0.9891304347826086
3302.05 0.9895833333333334
3451.77 0.99
3602.35 0.9903846153846154
3751.94 0.9907407407407407
3902.03 0.9910714285714286
4051.87 0.9913793103448276
4201.83 0.9916666666666667
4353.8 0.9919354838709677
4503.13 0.9921875
4651.6 0.9924242424242424
4805.19 0.9926470588235294
4951.9 0.9928571428571429
5103.24 0.9930555555555556
5251.45 0.9932432432432432
5401.66 0.993421052631579
5552.25 0.9935897435897436
5701.34 0.99375
5851.3 0.9939024390243902
6002.52 0.9940476190476191
6150.98 0.9941860465116279
6301.32 0.9943181818181818
6451.03 0.9944444444444445
6601 0.9945652173913043
6751.09 0.9946808510638298
6900.93 0.9947916666666666
7050.89 0.9948979591836735
7200.85 0.995
7350.81 0.9950980392156863
7500.53 0.9951923076923077
7650.62 0.9952830188679245
7800.58 0.9953703703703703
7950.79 0.9954545454545455
8100.51 0.9955357142857143
8250.47 0.9956140350877193
8400.43 0.9956896551724138
8550.4 0.9957627118644068
8699.86 0.9958333333333333
8849.95 0.9959016393442623
9000.91 0.9959677419354839
9150.5 0.996031746031746
9300.09 0.99609375
9450.05 0.9961538461538462
9600.39 0.9962121212121212
9750.35 0.996268656716418
9902.32 0.9963235294117647
10050.2 0.9963768115942029
10199.9 0.9964285714285714
10350.1 0.9964788732394366
10499.7 0.9965277777777778
10649.6 0.9965753424657534
10799.7 0.9966216216216216
10949.6 0.9966666666666667
11099.5 0.9967105263157895
11249.5 0.9967532467532467
11399 0.9967948717948718
11549 0.9968354430379747
11699.3 0.996875
11850 0.9969135802469136
11999.2 0.9969512195121951
12149.1 0.9969879518072289
12299.2 0.9970238095238095
12449.1 0.9970588235294118
12599 0.997093023255814
12748.5 0.9971264367816092
12898.6 0.9971590909090909
13048.8 0.9971910112359551
13198.9 0.9972222222222222
13348.7 0.9972527472527473
13498.7 0.9972826086956522
13648.7 0.9973118279569892
13798.6 0.9973404255319149
13948.8 0.9973684210526316
14098.2 0.9973958333333334
14248.3 0.9974226804123711
14398.3 0.9974489795918368
14548.3 0.9974747474747475
14698.3 0.9975
14848.2 0.9975247524752475
14998.3 0.9975490196078431
15148.2 0.9975728155339806
15297.6 0.9975961538461539
15447.7 0.9976190476190476
15597.8 0.9976415094339622
15747.9 0.9976635514018691
15897.9 0.9976851851851852
16047.8 0.9977064220183486
16197.8 0.9977272727272727
16347.7 0.9977477477477478
16497.7 0.9977678571428571
16647.4 0.9977876106194691
16797.3 0.9978070175438597
16947.7 0.9978260869565218
17097.8 0.9978448275862069
17247.4 0.9978632478632479
17397.4 0.9978813559322034
17547.3 0.9978991596638656
17697.3 0.9979166666666667
17847.3 0.9979338842975206
17996.7 0.9979508196721312
18146.8 0.9979674796747967
18297.3 0.9979838709677419
18447 0.998
18596.9 0.998015873015873
18746.9 0.9980314960629921
18896.9 0.998046875
19046.8 0.998062015503876
19196.8 0.9980769230769231
19346.3 0.9980916030534351
19496.4 0.9981060606060606
19647.1 0.9981203007518797
19796.5 0.9981343283582089
19946.5 0.9981481481481481
20097 0.9981617647058824
20246.4 0.9981751824817519
20396.4 0.9981884057971014
20546.5 0.9982014388489209
20696.2 0.9982142857142857
20845.9 0.99822695035461
20996.2 0.9982394366197183
21146.1 0.9982517482517482
21296 0.9982638888888888
21446 0.9982788296041308
21596 0.9982905982905983
21745.9 0.99830220713073
21895.9 0.9983136593591906
22045.4 0.998324958123953
22195.6 0.9983361064891847
22345.7 0.9983471074380166
22495.6 0.9983579638752053
22645.6 0.99836867862969
22795.5 0.9983792544570502
22945.5 0.998389694041868
23095.5 0.9984
23244.9 0.9984101748807631
23395 0.9984202211690363
23545 0.9984301412872841
23695.2 0.9984399375975039
23845.2 0.9984496124031008
23995.1 0.9984591679506933
24145.1 0.998468606431853
24295.1 0.9984779299847792
24445 0.9984871406959153
24594.5 0.9984962406015038
24744.7 0.9985052316890882
24894.5 0.9985141158989599
25044.6 0.9985250737463127
25194.7 0.998533724340176
25344.7 0.9985422740524781
25494.6 0.9985507246376811
25644.6 0.9985590778097982
25794.6 0.998567335243553
25944 0.9985754985754985
26094.2 0.9985835694050992
26244.6 0.9985915492957746
26394.3 0.9985994397759104
26544.3 0.9986072423398329
26694.2 0.9986149584487535
26844.2 0.9986225895316805
26994.2 0.9986301369863013
27144.1 0.9986376021798365
27294.3 0.9986449864498645
27443.9 0.9986522911051213
27593.9 0.9986595174262735
27743.8 0.9986666666666667
27893.8 0.9986737400530504
28043.8 0.9986807387862797
28193.7 0.9986876640419947
28343.7 0.9986945169712794
28493.7 0.9987012987012988
28643.1 0.9987080103359173
28793.2 0.9987146529562982
28943.4 0.9987212276214834
29093.4 0.9987277353689568
29243.3 0.9987341772151899
29393.3 0.9987405541561712
29543.3 0.9987468671679198
29693.2 0.9987531172069826
29843.2 0.9987593052109182
29992.7 0.9987654320987654
30142.8 0.9987714987714987
30292.8 0.9987775061124694
30442.9 0.9987834549878345
30592.9 0.9987893462469734
30771 0.9987951807228915
30921.1 0.9988009592326139
31071 0.9988066825775657
31220.9 0.998812351543943
31370.4 0.9988179669030733
31520.6 0.9988235294117647
31670.7 0.9988290398126464
31820.7 0.9988344988344988
31970.6 0.9988399071925754
32121.3 0.9988452655889145
32270.5 0.9988505747126437
32420.5 0.9988558352402745
32570.3 0.9988610478359908
32720.1 0.9988662131519275
32870.2 0.9988713318284425
33020.2 0.998876404494382
33170.2 0.9988814317673378
33320.2 0.9988864142538976
33470.1 0.9988913525498891
33620.1 0.9988962472406181
33770.3 0.9989010989010989
33919.5 0.9989059080962801
34069.6 0.9989106753812637
34219.6 0.9989154013015185
34369.8 0.9989200863930886
34519.7 0.9989247311827957
34669.7 0.9989293361884368
34819.7 0.9989339019189766
34969.6 0.9989384288747346
35120.2 0.9989429175475687
35269.1 0.9989473684210526
35419.3 0.9989517819706499
35569.2 0.9989561586638831
35719.2 0.998960498960499
35869.3 0.9989648033126294
36019.3 0.9989690721649485
36169.2 0.9989733059548255
36319.2 0.9989775051124744
36469.5 0.9989816700610998
36618.6 0.9989858012170385
36768.8 0.998989898989899
36918.9 0.9989939637826962
37069.4 0.998997995991984
37218.8 0.999001996007984
37368.8 0.9990059642147118
37518.8 0.999009900990099
37669.1 0.9990138067061144
37818.7 0.9990176817288802
37968.2 0.9990215264187867
38118.2 0.9990253411306043
38268.6 0.9990291262135922
38418.5 0.9990328820116054
38568.4 0.9990366088631984
38718.3 0.9990403071017274
38869.3 0.9990439770554493
39018.3 0.9990476190476191
39168.2 0.9990512333965844
39318 0.999054820415879
39468 0.9990583804143126
39617.9 0.99906191369606
39768 0.9990654205607477
39917.9 0.9990689013035382
40068.1 0.9990723562152134
40218.2 0.9990757855822551
40367.8 0.9990791896869244
40517.8 0.9990825688073395
40667.4 0.9990859232175503
40817.3 0.9990892531876139
40967.4 0.9990925589836661
41117.5 0.9990958408679927
41267.7 0.9990990990990991
41417.4 0.9991023339317774
41567.4 0.9991055456171736
41717.4 0.9991087344028521
41867.7 0.9991119005328597
42016.8 0.9991150442477876
42166.9 0.9991181657848325
42317.3 0.9991212653778558
42467.2 0.999124343257443
42617 0.9991273996509599
42767.7 0.9991304347826087
42916.9 0.9991334488734835
43067 0.999137187230371
43216.5 0.999140154772141
43366.7 0.9991431019708654
43516.6 0.9991460290350128
43666.6 0.9991489361702127
43816.6 0.9991518235793045
43966.6 0.9991546914623838
44116.5 0.9991575400168492
44266.5 0.9991603694374476
44416.8 0.999163179916318
44566 0.9991659716430359
44716.4 0.999168744804655
44866 0.9991714995857498
45016.2 0.9991742361684558
45166.2 0.9991769547325103
45316.1 0.9991796554552912
45466.1 0.9991823385118561
45616 0.9991850040749797
45766 0.9991876523151909
45915.5 0.9991902834008097
46065.6 0.9991928974979822
46216.1 0.999195494770716
46366 0.9991980753809142
46515.7 0.9992006394884093
46665.7 0.999203187250996
46815.6 0.9992057188244639
46965.6 0.9992082343626286
47115.5 0.9992107340173638
47265 0.999213217938631
47415.1 0.9992156862745099
47565.3 0.9992181391712275
47715.3 0.9992205767731879
47865.2 0.9992229992229992
48015.6 0.9992254066615027
48165.2 0.9992277992277993
48315.1 0.9992301770592764
48465.1 0.9992325402916347
48614.6 0.9992348890589136
48764.7 0.9992372234935164
48914.7 0.9992395437262357
49064.8 0.9992418498862775
49214.8 0.999244142101285
49364.8 0.9992464204973625
49514.7 0.9992486851990984
49665.1 0.9992509363295881
49814.6 0.9992531740104555
49964.1 0.9992553983618764
50114.2 0.9992576095025983
50264.4 0.9992603550295858
50414.4 0.9992625368731564
50564.3 0.9992647058823529
50714.3 0.999266862170088
50865.8 0.9992690058479532
51015.1 0.999271137026239
51164.6 0.9992732558139535
51313.7 0.9992753623188406
51463.7 0.9992774566473989
51615.2 0.9992795389048992
51764.2 0.9992816091954023
51913.9 0.9992836676217765
52063.8 0.9992857142857143
52213.8 0.9992877492877493
52364.9 0.9992897727272727
52513.9 0.9992917847025495
52663.2 0.9992937853107344
52813.3 0.9992957746478873
52963.9 0.9992977528089888
53113.5 0.9992997198879552
53263.4 0.9993016759776536
53413.8 0.9993036211699164
53563.4 0.9993055555555556
53713.3 0.9993074792243767
53863.5 0.9993093922651933
54012.7 0.9993112947658402
54167.1 0.9993131868131868
54315.7 0.9993150684931507
54464.6 0.9993169398907104
54613.7 0.9993188010899182
54763.4 0.9993206521739131
54913 0.9993224932249323
55062.9 0.9993243243243243
55212.4 0.9993261455525606
55362.5 0.9993279569892473
55512.8 0.9993297587131368
55662.8 0.9993315508021391
55812.9 0.9993333333333333
55962.5 0.9993351063829787
56112.9 0.9993368700265252
56262.4 0.9993386243386243
56412.4 0.9993403693931399
56561.9 0.9993421052631579
56712.7 0.9993438320209974
56863.2 0.9993455497382199
57012.4 0.9993472584856397
57163.1 0.9993489583333334
57312.9 0.9993506493506493
57462 0.9993523316062176
57612.2 0.9993540051679587
57762 0.9993556701030928
57912 0.9993573264781491
58062.8 0.9993589743589744
58211.7 0.9993606138107417
58361.7 0.9993622448979592
58511.9 0.9993638676844784
58661.6 0.9993654822335025
58811.6 0.9993670886075949
58961.5 0.9993686868686869
59111.7 0.9993702770780857
59261.5 0.9993718592964824
59411.2 0.9993734335839599
59561.6 0.999375
59712.6 0.9993765586034913
59862.3 0.9993781094527363
60011.2 0.999379652605459
60161.5 0.9993811881188119
60311.3 0.9993827160493827
60461.4 0.999384236453202
60610.9 0.9993857493857494
60760.6 0.9993872549019608
60910.8 0.9993887530562348
61060.8 0.999390243902439
61211.1 0.9993917274939172
61360.9 0.9993932038834952
61511.3 0.9993946731234867
61661.3 0.9993961352657005
61810.6 0.9993975903614458
61960.6 0.9993990384615384
62111.1 0.999400479616307
62260.6 0.9994019138755981
62410.3 0.9994033412887828
62560.3 0.9994047619047619
62710.2 0.9994061757719715
62860.6 0.9994075829383886
63011.3 0.9994089834515366
63160.1 0.9994103773584906
63309.6 0.9994117647058823
63459.7 0.9994131455399061
63609.9 0.9994145199063232
63759.9 0.9994158878504673
63910.8 0.9994172494172494
64060.9 0.9994186046511628
64209.8 0.9994199535962877
64359.7 0.9994212962962963
64509.7 0.9994226327944573
64659.1 0.9994242947610823
64809.4 0.9994256174612292
64959.3 0.9994269340974212
65109.4 0.9994282447112636
65260.6 0.9994295493439818
65410.6 0.9994308480364257
65559.3 0.9994321408290744
65709.3 0.9994334277620397
65859.1 0.9994347088750707
66008.7 0.9994359842075579
66158.8 0.9994372537985369
66308.9 0.9994385176866929
66459 0.9994397759103641
66608.9 0.9994410285075461
66759.4 0.9994422755158952
66908.8 0.9994435169727324
67058.8 0.9994447529150472
67208.8 0.9994459833795014
67358.2 0.9994472084024323
67508.4 0.9994484280198566
67658.5 0.9994496422674739
67808.8 0.99945085118067
67958.5 0.9994520547945206
68109.6 0.9994532531437944
68258.9 0.9994544462629569
68408.4 0.9994556341861731
68557.8 0.9994568169473113
68707.9 0.9994579945799458
68859.4 0.9994591671173607
69008.1 0.9994603345925526
69158.5 0.9994614970382337
69308.6 0.999462654486835
