3.112 0.0
218.197 1.0
367.788 1.0
518.014 1.0
755.592 1.0
817.703 1.0
1041.8 0.9666666666666667
1167.77 0.9411764705882353
1309.24 0.9210526315789473
1418.1 0.9285714285714286
1568.07 0.9347826086956522
1718.04 0.94
1868.02 0.9444444444444444
2017.99 0.9482758620689655
2167.97 0.9516129032258065
2318.19 0.9545454545454546
2468.04 0.9571428571428572
2617.89 0.9594594594594594
2767.86 0.9615384615384616
2917.84 0.9634146341463414
3068.06 0.9651162790697675
3218.28 0.9666666666666667
3367.76 0.9680851063829787
3517.73 0.9693877551020408
3667.7 0.9705882352941176
3817.68 0.9716981132075472
3967.65 0.9727272727272728
4117.88 0.9736842105263158
4267.6 0.9745762711864406
4417.57 0.9754098360655737
