98.183 268.326
109.001 753.634
153.179 811.219
165.155 1922.685
236.849 175.403
340.578 1475.971
412.981 352.034
533.274 293.991
554.862 1543.238
666.497 466.425
676.874 337.26
697.649 733.442
711.036 3346.755
791.735 935.331
914.984 230.452
937.479 737.263
1040.22 909.004
1200.7 214.301
1416.3 161.988
1426.67 344.22
1458.61 845.981
1613.91 2083.673
1706.68 1200.11
1748.87 139.011
1811.67 448.829
1832.49 614.429
1874.6 895.945
2028.24 779.459
2066.24 1007.481
2104.55 211.951
2165.66 1225.964
2373.03 2208.805
2451.06 2115.637
