77.979 286.581
88.432 372.379
119.783 359.698
349.907 286.611
381.46 210.454
466.609 581.634
476.927 285.479
529.342 227.469
571.281 209.419
737.289 205.29
830.684 208.245
872 269.303
1122.67 259.924
1438.59 285.565
1459.34 207.122
1584.89 416.133
1712.82 228.74
1797.53 317.265
1933.35 241.979
1964.26 491.72
1974.8 511.319
2005.94 221.707
2110.37 403.636
2193.31 445.841
2276.55 291.296
2286.8 216.184
2307.5 191.907
2393.65 206.678
2480.02 206.508
2572.49 283.339
2603.44 240.071
2655.11 197.11
2718.65 339.416
2749.33 192.524
2759.59 216.155
2832.36 218.015
3073.31 193.279
3167.97 337.098
3178.19 197.154
3262.59 262.586
3305.03 322.892
3366.56 339.073
3621.31 205.559
3726.64 322.116
3779.33 227.665
3812.02 312.801
3970.55 311.052
4012.84 336.421
4044.05 205.493
4107.91 274.293
4173.21 312.041
4193.95 195.803
4379.24 213.57
4452.76 335.025
4484.33 188.333
4547.97 218.785
4558.22 211.1
4630.5 200.855
4811.35 309.013
4874.41 140.958
4884.89 455.75
4989.93 305.932
5349.59 229.146
