46.837 300.052
141.861 572.987
413.515 399.552
540.385 634.98
550.945 526.558
561.412 435.449
603.966 458.521
625.788 472.555
666.262 401.459
697.219 563.461
841.583 487.11
1102.28 502.232
1185.34 452.304
1227.64 483.089
1428.64 425.311
1449.46 466.611
1470.16 424.48
1480.66 478.011
1554.79 438.692
1637.53 541.171
1681.12 442.215
1829.83 404.66
1892.32 602.363
2016.79 445.442
2027.27 460.676
2058.11 486.089
2068.58 444.909
2131.26 469.834
2151.96 471.086
2297.65 445.653
2459.54 343.486
2520.96 512.437
2531.32 327.71
2541.78 432.279
2593.54 346.723
2645.25 594.277
2770.53 542.676
2864.03 528.685
2894.62 526.295
3041.49 337.111
3136.64 503.922
3210.65 583.795
3273.32 326.433
3346.21 460.29
3568.03 473.895
3600.23 544.652
3642.41 436.973
3652.89 454.41
3898.64 464.349
3909.1 430.615
3940.18 437.078
3981.38 433.577
4034.18 569.885
4054.89 447.753
4369.37 560.667
4400.83 349.328
4411.29 431.413
4516.32 392.009
4538.1 443.314
4706.16 526.535
4822.22 468.236
4895.77 480.0
4916.37 562.584
4926.86 459.222
4937.34 458.388
5042.32 483.246
5073.2 561.694
5126.52 523.739
5147.23 503.74
5212.55 655.826
