66.427 458.439
97.839 578.353
181.297 529.338
235.456 510.343
245.937 440.871
287.249 404.585
358.987 254.007
746.69 578.821
757.252 530.684
798.158 557.845
891.558 490.884
902.038 452.895
922.532 444.462
975.149 342.423
985.685 505.293
1059.21 1480.969
1090.17 445.93
1111.16 420.238
1162.92 464.081
1194.35 571.885
1236.9 809.942
1247.64 701.672
1298.27 339.349
1352.12 418.487
1532.53 701.509
1594.02 316.917
1880.11 1544.672
2036 284.531
2098.72 574.705
2254.71 446.82
2350.29 593.296
2550.66 438.53
2612.8 533.41
2664.44 510.661
2779.43 442.792
2810.7 443.425
2841.66 485.454
2925.28 359.392
2956.05 435.312
3008.71 915.568
3029.54 583.794
3240.73 554.253
3375.84 464.09
3428.86 469.077
3439.32 428.81
3545.48 487.637
3555.94 432.523
3588.07 607.318
3673.09 791.969
3767.86 681.411
3800.47 1095.34
3928.13 579.158
3948.99 362.08
3990.64 814.042
4001.25 587.135
4021.99 347.852
4140.78 2752.793
4182.51 477.133
4294.81 466.434
4305.27 433.376
4357.2 532.981
4430.73 839.037
4493.64 490.363
4567.53 496.922
4588.32 759.42
4650.15 584.829
4672.43 680.398
4694.01 523.671
4715.15 549.17
4725.76 575.879
4841.93 542.713
4852.53 573.599
4863.02 460.872
4978.38 446.017
5030.22 486.506
5200.28 492.883
5242.38 601.315
5253.25 834.431
5307.01 530.313
5359.02 606.131
5379.99 581.666
5421.64 381.252
5432.24 571.967
5442.86 583.487
