130.094 1040.954
225.335 1348.318
370.425 973.66
444.431 1039.619
581.489 957.917
592.325 804.102
614.133 1277.871
819.66 1023.921
1038.13 1066.968
1205.79 968.386
1342.1 959.798
1364.36 1768.789
1375.43 1030.034
1396.52 1060.491
1501.11 839.57
1625.8 1060.695
1657.9 1476.489
1701.78 921.158
1765.43 953.388
1807.6 827.46
1922.3 927.178
2078.54 1083.887
2182.05 860.112
2328.07 978.771
2340.09 1994.18
2382.63 1055.305
2403.86 961.219
2426.43 903.017
2448.01 820.456
2696.61 913.119
2904.47 972.375
3051.32 947.857
3062.31 965.72
3093.89 1320.357
3146.59 1064.381
3188.52 1074.719
3293.9 959.425
3397.61 1024.616
3408.46 832.023
3450.8 1018.424
3461.74 914.421
3472.63 857.884
3524.44 1023.091
3577.86 944.693
3789.78 1196.248
3833.08 955.598
3865.03 961.619
3876.13 1068.894
4066.01 2234.351
4118.14 986.069
4326.89 900.377
4389.3 801.341
4526.49 1289.745
4662.16 1541.281
4683.89 993.897
4800.24 1011.387
4947.23 1020.007
5114.82 1007.795
5178.53 926.781
5190.2 1634.471
5401.65 1193.349
5454.57 1241.807
