57.131 612.914
193.278 730.257
204.106 788.541
214.721 576.449
278.02 606.738
329.562 811.009
392.562 1065.407
424.131 960.407
455.986 736.491
498.163 1023.194
508.746 556.758
944.413 633.855
955.253 805.653
965.989 706.709
1007.79 611.644
1153.64 719.255
1310.18 670.474
1321.17 954.488
1331.89 689.871
1491.01 693.19
1512.7 780.21
1670.27 1552.153
1691.61 831.373
1744.42 1299.043
1755.22 762.421
1787.17 922.07
1985.67 835.378
2214.4 775.525
2225.12 697.45
2362.32 786.867
2416.28 1615.375
2437.95 703.531
2469.78 579.934
2676.44 763.548
2708.28 866.611
2791.43 752.24
2916.1 822.965
2988.67 776.469
3125.74 682.263
3221.12 819.339
3283.69 694.735
3536.17 925.273
3611.08 1188.621
3663.48 931.59
3695.19 858.171
3716.29 822.607
3747.62 942.367
3758.36 701.302
3822.88 832.493
3854.82 717.504
3887.78 833.717
4077.6 778.487
4162.86 837.354
4234.66 660.885
4265.5 793.763
4463.35 558.217
4474.11 735.029
4505.53 647.775
4620.27 689.883
4737.85 841.105
4768.95 773.523
4779.69 714.386
4832.57 700.617
4958.75 701.139
5000.65 679.35
5083.56 712.729
5094.28 694.847
5157.57 690.589
5168.35 748.464
5232.97 585.077
5265.65 1164.903
5286.44 750.794
5297.67 1186.183
5339.34 732.019
