109.872 298.281
162.398 366.683
257.846 177.207
299.184 205.129
403.198 120.043
487.585 142.867
519.564 302.643
676.722 314.015
717.526 143.555
789.268 282.344
852.17 438.183
882.733 219.417
997.633 213.126
1071.15 202.661
1081.39 203.021
1143.37 184.469
1174.98 322.024
1217.24 159.177
1259.56 200.347
1408.09 272.397
1418.3 177.141
1523.49 269.259
1544.43 175.755
1605.97 213.814
1723.57 237.614
1819.5 603.632
1870.22 220.674
1912.61 136.916
1954.21 340.907
2141.57 164.563
2172.42 300.995
2204.08 252.151
2245.92 281.367
2266.72 277.26
2318.33 315.839
2562.66 280.782
2583.28 271.472
2624.74 209.093
2729.39 226.765
2739.6 180.685
2822.6 173.484
2853.59 211.357
2937.27 260.984
2967.96 186.121
2978.36 372.065
2999.46 275.418
3020.63 199.114
3115.51 315.222
3158.09 202.933
3200.15 335.651
3231.84 204.8
3252.79 345.906
3335.83 276.584
3356.67 316.742
3387.81 241.191
3420.05 292.814
3494.17 228.356
3504.38 181.461
3514.65 243.008
3632.05 215.93
3705.93 216.387
3844.56 185.096
4129.69 253.093
4317.22 224.839
4338.33 156.66
4421.55 126.329
4442.87 424.335
4641.24 225.455
4748.62 268.318
4790.47 266.253
4969.6 338.069
5011.39 239.727
5052.7 241.74
5105.06 256.343
5136.82 156.005
5222.84 144.562
5329.06 315.182
5371.08 333.066
