87.119 1.41
161.977 1.33
236.846 1.25
311.767 1.15
387.477 1.12
462.624 1.10
537.28 1.11
612.395 1.06
687.536 1.06
762.427 1.05
837.471 1.04
912.376 1.02
987.363 1.02
1062.63 1.01
1137.44 1.01
1212.34 0.99
1287.51 0.99
1362.38 0.99
1437.43 0.99
1512.37 0.98
1587.56 0.98
1662.59 0.98
1737.46 0.99
1812.55 0.99
1887.57 0.99
1962.48 0.98
2037.78 0.98
2112.83 0.97
2187.74 0.97
2262.76 0.97
2337.76 0.97
2412.79 0.97
2487.93 0.97
2562.79 0.97
2637.82 0.97
2712.82 0.97
2787.82 0.97
2863.21 0.97
2937.98 0.96
3012.84 0.96
3087.97 0.96
3162.9 0.96
3237.91 0.96
3313.07 0.96
3387.93 0.96
3462.94 0.96
3537.99 0.96
3613.26 0.96
3688.01 0.96
3763.26 0.96
3838.39 0.96
3913.41 0.96
3988.29 0.96
4063.42 0.96
4138.56 0.96
4213.58 0.96
4288.5 0.96
4363.69 0.96
4438.58 0.96
4513.58 0.95
4588.63 0.95
4663.48 0.95
4738.64 0.95
4813.55 0.95
4888.57 0.95
4964 0.95
5038.92 0.95
5114.21 0.95
5189.35 0.95
5264.13 0.95
5338.88 0.95
5413.94 0.95
