88.412 11.9356
163.401 22.1572
238.52 31.3415
313.415 38.362
388.751 48.5161
463.772 58.157
538.804 67.566
613.922 74.4073
688.797 83.8955
764.099 92.6088
838.868 101.671
913.778 107.46
988.908 116.296
1063.81 125.743
1138.83 133.926
1213.98 139.851
1288.89 149.254
1364.03 157.954
1438.92 167.49
1513.92 174.404
1588.96 184.001
1663.99 192.691
1739.11 202.432
1813.94 211.143
1889.34 219.92
1964.26 228.64
2039.21 237.365
2114.23 244.828
2189.26 253.516
2264.27 262.203
2339.28 270.889
2414.43 278.143
2489.33 288.265
2564.34 296.95
2639.34 307.219
2714.34 312.692
2789.34 323.006
2864.38 331.696
2939.41 340.383
3014.35 345.445
3089.37 355.896
3164.42 364.541
3239.42 373.182
3314.46 379.837
3389.47 388.433
3464.62 399.124
3539.63 407.766
3615.16 414.297
3689.52 422.819
3764.77 433.702
3840.06 442.375
3915.05 448.664
3989.81 459.626
4065.44 468.339
4139.96 479.408
4214.98 483.036
4289.89 494.196
4365.08 500.239
4439.99 511.487
4514.98 517.417
4590.11 526.027
4665.02 534.612
4740.06 543.211
4815.19 551.821
4890.21 560.418
4965.43 569.039
5040.57 580.674
5115.6 586.247
5190.48 594.829
5265.65 606.603
5340.43 615.218
5415.46 620.612
