88.444 1.74
163.401 1.69
238.519 1.66
314.752 1.52
388.751 1.51
465.117 1.50
538.804 1.52
613.92 1.46
688.918 1.46
764.097 1.44
838.868 1.43
913.783 1.39
988.803 1.39
1063.81 1.41
1138.83 1.40
1213.99 1.37
1289.02 1.37
1364.53 1.37
1438.93 1.39
1513.92 1.37
1588.96 1.37
1663.99 1.37
1739.11 1.38
1813.94 1.38
1889.34 1.38
1964.26 1.38
2039.21 1.38
2114.23 1.37
2189.26 1.36
2264.76 1.37
2339.29 1.37
2414.44 1.36
2489.33 1.37
2564.34 1.37
2639.34 1.37
2715.2 1.35
2789.34 1.35
2864.38 1.35
2939.41 1.35
3015.09 1.35
3089.37 1.35
3164.42 1.35
3240.04 1.35
3314.46 1.35
3389.47 1.35
3464.86 1.35
3539.63 1.35
3615.16 1.35
3689.52 1.35
3764.78 1.35
3840.04 1.35
3915.04 1.35
3991.15 1.35
4066.78 1.35
4139.96 1.35
4214.98 1.34
4289.89 1.34
4365.08 1.34
4439.99 1.34
4514.98 1.34
4590.87 1.34
4665.02 1.34
4740.06 1.34
4815.19 1.34
4890.21 1.34
4965.44 1.34
5040.57 1.34
5115.6 1.34
5190.98 1.34
5265.65 1.34
5341.4 1.34
5415.46 1.34
