81.33 7.12451
156.351 13.0397
231.473 17.4994
306.441 21.3283
382.082 25.6759
457.086 30.1677
531.834 35.101
606.87 37.8687
681.874 41.7307
756.883 45.8671
831.868 50.4112
906.849 53.3227
981.967 58.3288
1056.98 62.7846
1131.96 66.5591
1206.95 70.2444
1281.92 74.608
1356.94 78.9738
1431.95 83.3394
1506.96 86.8008
1582.04 91.1252
1657.05 94.4518
1732.07 98.7278
1807.3 101.932
1882.19 106.156
1957.09 110.38
2032.4 114.628
2107.3 117.587
2182.26 121.77
2257.3 125.957
2332.32 130.143
2407.34 132.885
2482.36 137.026
2557.39 141.168
2632.35 145.306
2707.33 147.82
2782.49 153.593
2857.47 157.732
2932.48 160.113
3007.46 164.208
3082.48 168.303
3157.46 172.397
3232.5 176.495
3307.52 180.591
3382.52 182.656
3457.65 186.713
3532.64 192.882
3607.62 194.812
3682.64 198.862
3759.14 202.994
3832.86 206.975
3908 211.032
3983.17 215.091
4057.92 219.128
4132.94 223.179
4208.07 227.236
4282.97 231.28
4358.03 235.334
4433.08 239.386
4508.1 243.437
4583.11 247.488
4658.1 251.537
4733.09 255.587
4808.09 259.637
4883.08 263.686
4958.4 267.754
5033.54 271.811
5108.55 275.862
5183.58 279.913
5258.56 283.962
5333.8 288.025
5408.55 292.061
