88.444 9.23355
163.401 16.5689
238.519 23.7565
314.752 28.7054
388.751 35.2208
465.117 41.8605
538.804 49.1389
613.92 53.7794
688.918 60.3492
764.097 66.018
838.868 71.9749
913.783 76.2095
988.803 82.4662
1063.81 89.9982
1138.83 95.6614
1213.99 99.7896
1289.02 105.957
1364.53 112.164
1438.93 120.007
1513.92 124.445
1588.96 130.612
1663.99 136.78
1739.11 143.998
1813.94 150.194
1889.34 156.438
1964.26 162.641
2039.21 168.847
2114.23 173.79
2189.26 178.644
2264.76 186.164
2339.29 192.289
2414.44 197.018
2489.33 204.623
2564.34 210.789
2639.34 216.954
2715.2 219.931
2789.34 225.937
2864.38 232.015
2939.41 238.092
3015.09 244.222
3089.37 250.239
3164.42 256.318
3240.04 262.443
3314.46 268.471
3389.47 274.547
3464.86 280.654
3539.63 286.71
3615.16 292.828
3689.52 298.851
3764.78 304.947
3840.04 311.043
3915.04 317.118
3991.15 323.283
4066.78 329.409
4139.96 335.337
4214.98 338.884
4289.89 344.907
4365.08 350.953
4439.99 356.975
4514.98 363.005
4590.87 369.106
4665.02 375.068
4740.06 381.101
4815.19 387.142
4890.21 393.173
4965.44 399.221
5040.57 405.262
5115.6 411.294
5190.98 417.355
5265.65 423.359
5341.4 429.449
5415.46 435.403
