83.311 11.4969
158.441 21.7698
233.32 31.6382
308.339 38.8507
383.665 48.8022
458.671 58.0677
533.725 68.5303
608.728 75.2388
683.741 84.9206
758.996 93.3565
833.781 102.055
908.93 108.526
983.831 117.469
1058.86 127.063
1134 136.08
1209.03 141.457
1283.95 151.763
1358.86 160.617
1434.87 171.324
1509.1 178.375
1583.88 188.164
1659.04 196.098
1734.02 207.042
1808.98 214.906
1884.13 223.835
1959.04 232.734
2034.87 241.743
2109.14 248.035
2184.55 256.903
2259.21 265.683
2334.2 274.502
2409.24 281.882
2484.38 292.163
2559.26 300.969
2634.38 309.803
2709.53 317.015
2784.52 325.788
2859.31 334.54
2934.32 343.316
3009.41 350.296
3084.41 359.025
3159.44 367.759
3234.59 378.448
3309.51 385.227
3384.52 393.958
3459.55 402.692
3534.57 413.544
3610.2 420.227
3684.59 428.886
3759.82 439.899
3834.84 448.676
3909.84 455.105
3984.85 466.227
4059.86 475.004
4134.89 483.782
4209.9 490.033
4285.08 498.783
4359.89 507.491
4435.03 516.237
4510.17 522.277
4584.94 533.687
4660.08 542.433
4734.99 551.153
4810 556.998
4885.26 568.644
4960.36 577.386
5035.36 586.116
5110.5 594.863
5185.4 603.581
5260.44 612.315
5335.61 621.065
5410.52 626.538
