79.936 1.60
155.055 1.61
229.965 1.49
305.062 1.42
380.566 1.38
455.417 1.36
530.414 1.36
605.567 1.29
680.454 1.27
755.457 1.27
830.598 1.27
905.585 1.25
980.422 1.27
1055.46 1.27
1130.46 1.27
1205.56 1.26
1280.55 1.27
1355.52 1.27
1430.53 1.27
1505.54 1.25
1580.54 1.25
1655.66 1.25
1730.67 1.26
1805.56 1.24
1880.54 1.24
1955.79 1.24
2030.9 1.24
2105.91 1.23
2180.87 1.23
2255.91 1.22
2330.92 1.23
2405.92 1.22
2481.06 1.21
2556.09 1.21
2631.05 1.21
2705.93 1.21
2781.06 1.21
2855.92 1.21
2930.92 1.22
3006.17 1.21
3081.05 1.21
3156.23 1.21
3231.11 1.21
3306.1 1.21
3381.13 1.21
3456.26 1.21
3531.25 1.21
3606.36 1.21
3681.25 1.21
3756.5 1.21
3831.51 1.21
3906.53 1.20
3981.63 1.21
4056.53 1.21
4131.64 1.21
4206.54 1.20
4281.59 1.20
4356.68 1.20
4431.57 1.20
4506.54 1.20
4581.55 1.20
4656.68 1.20
4731.79 1.20
4806.69 1.20
4881.66 1.20
4957.05 1.21
5031.99 1.21
5107 1.20
5182.03 1.20
5257.16 1.20
5332.16 1.21
5407.16 1.20
