87.119 7.37027
161.977 12.9258
236.846 17.7635
311.767 21.5119
387.477 26.0385
462.624 30.5332
537.28 35.7828
612.395 38.9483
687.536 43.7273
762.427 48.0329
837.471 52.2582
912.376 55.8374
987.363 60.4266
1062.63 64.3952
1137.44 68.929
1212.34 72.0132
1287.51 76.4779
1362.38 80.9253
1437.43 85.3832
1512.37 88.9273
1587.56 93.3486
1662.59 97.7604
1737.46 103.205
1812.55 107.665
1887.57 112.121
1962.48 115.394
2037.78 119.822
2112.83 122.967
2187.74 127.326
2262.76 131.692
2337.76 136.058
2412.79 140.425
2487.93 144.798
2562.79 149.155
2637.82 153.521
2712.82 157.886
2787.82 162.251
2863.21 166.639
2937.98 169.227
3012.84 173.539
3087.97 177.867
3162.9 182.183
3237.91 186.503
3313.07 190.833
3387.93 195.145
3462.94 199.466
3537.99 203.788
3613.26 208.124
3688.01 212.429
3763.26 216.764
3838.39 221.092
3913.41 225.412
3988.29 229.726
4063.42 234.053
4138.56 238.381
4213.58 242.702
4288.5 247.018
4363.69 251.348
4438.58 255.662
4513.58 257.274
4588.63 261.552
4663.48 265.818
4738.64 270.103
4813.55 274.372
4888.57 278.649
4964 282.948
5038.92 287.219
5114.21 291.51
5189.35 295.793
5264.13 300.055
5338.88 304.316
5413.94 308.594
