88.412 2.25
163.401 2.26
238.52 2.19
313.415 2.04
388.751 2.08
463.772 2.09
538.804 2.09
613.922 2.02
688.797 2.03
764.099 2.02
838.868 2.02
913.778 1.96
988.908 1.96
1063.81 1.97
1138.83 1.96
1213.98 1.92
1288.89 1.93
1364.03 1.93
1438.92 1.94
1513.92 1.92
1588.96 1.93
1663.99 1.93
1739.11 1.94
1813.94 1.94
1889.34 1.94
1964.26 1.94
2039.21 1.94
2114.23 1.93
2189.26 1.93
2264.27 1.93
2339.28 1.93
2414.43 1.92
2489.33 1.93
2564.34 1.93
2639.34 1.94
2714.34 1.92
2789.34 1.93
2864.38 1.93
2939.41 1.93
3014.35 1.91
3089.37 1.92
3164.42 1.92
3239.42 1.92
3314.46 1.91
3389.47 1.91
3464.62 1.92
3539.63 1.92
3615.16 1.91
3689.52 1.91
3764.77 1.92
3840.06 1.92
3915.05 1.91
3989.81 1.92
4065.44 1.92
4139.96 1.93
4214.98 1.91
4289.89 1.92
4365.08 1.91
4439.99 1.92
4514.98 1.91
4590.11 1.91
4665.02 1.91
4740.06 1.91
4815.19 1.91
4890.21 1.91
4965.43 1.91
5040.57 1.92
5115.6 1.91
5190.48 1.91
5265.65 1.92
5340.43 1.92
5415.46 1.91
