81.33 1.46
156.351 1.39
231.473 1.26
306.441 1.16
382.082 1.12
457.086 1.10
531.834 1.10
606.87 1.04
681.874 1.02
756.883 1.01
831.868 1.01
906.849 0.98
981.967 0.99
1056.98 0.99
1131.96 0.98
1206.95 0.97
1281.92 0.97
1356.94 0.97
1431.95 0.97
1506.96 0.96
1582.04 0.96
1657.05 0.95
1732.07 0.95
1807.3 0.94
1882.19 0.94
1957.09 0.94
2032.4 0.94
2107.3 0.93
2182.26 0.93
2257.3 0.93
2332.32 0.93
2407.34 0.92
2482.36 0.92
2557.39 0.92
2632.35 0.92
2707.33 0.91
2782.49 0.92
2857.47 0.92
2932.48 0.91
3007.46 0.91
3082.48 0.91
3157.46 0.91
3232.5 0.91
3307.52 0.91
3382.52 0.90
3457.65 0.90
3532.64 0.91
3607.62 0.90
3682.64 0.90
3759.14 0.90
3832.86 0.90
3908 0.90
3983.17 0.90
4057.92 0.90
4132.94 0.90
4208.07 0.90
4282.97 0.90
4358.03 0.90
4433.08 0.90
4508.1 0.90
4583.11 0.90
4658.1 0.90
4733.09 0.90
4808.09 0.90
4883.08 0.90
4958.4 0.90
5033.54 0.90
5108.55 0.90
5183.58 0.90
5258.56 0.90
5333.8 0.90
5408.55 0.90
