83.311 2.30
158.441 2.29
233.32 2.26
308.339 2.10
383.665 2.12
458.671 2.11
533.725 2.14
608.728 2.06
683.741 2.07
758.996 2.05
833.781 2.04
908.93 1.99
983.831 1.99
1058.86 2.00
1134 2.00
1209.03 1.95
1283.95 1.97
1358.86 1.97
1434.87 1.99
1509.1 1.97
1583.88 1.98
1659.04 1.97
1734.02 1.99
1808.98 1.98
1884.13 1.98
1959.04 1.98
2034.87 1.98
2109.14 1.96
2184.55 1.96
2259.21 1.96
2334.2 1.96
2409.24 1.95
2484.38 1.96
2559.26 1.96
2634.38 1.96
2709.53 1.95
2784.52 1.95
2859.31 1.95
2934.32 1.95
3009.41 1.94
3084.41 1.94
3159.44 1.94
3234.59 1.95
3309.51 1.94
3384.52 1.94
3459.55 1.94
3534.57 1.95
3610.2 1.94
3684.59 1.94
3759.82 1.95
3834.84 1.95
3909.84 1.94
3984.85 1.95
4059.86 1.95
4134.89 1.95
4209.9 1.94
4285.08 1.94
4359.89 1.94
4435.03 1.94
4510.17 1.93
4584.94 1.94
4660.08 1.94
4734.99 1.94
4810 1.93
4885.26 1.94
4960.36 1.94
5035.36 1.94
5110.5 1.94
5185.4 1.94
5260.44 1.94
5335.61 1.94
5410.52 1.93
