79.936 7.67386
155.055 14.9783
229.965 20.5589
305.062 25.9913
380.566 31.5109
455.417 37.162
530.414 43.2818
605.567 46.8709
680.454 51.8506
755.457 57.5658
830.598 63.2916
905.585 67.9189
980.422 74.7082
1055.46 80.4263
1130.46 86.1407
1205.56 91.1402
1280.55 97.5776
1355.52 103.29
1430.53 109.006
1505.54 112.915
1580.54 118.541
1655.66 124.174
1730.67 130.839
1805.56 134.334
1880.54 139.912
1955.79 145.511
2030.9 151.099
2105.91 155.416
2180.87 160.948
2255.91 165.132
2330.92 172.022
2405.92 176.113
2481.06 180.125
2556.09 185.572
2631.05 191.014
2705.93 196.451
2781.06 201.905
2855.92 207.34
2930.92 214.544
3006.17 218.248
3081.05 223.685
3156.23 229.142
3231.11 234.579
3306.1 240.023
3381.13 245.47
3456.26 250.924
3531.25 256.368
3606.36 261.822
3681.25 267.259
3756.5 272.722
3831.51 278.168
3906.53 281.27
3981.63 289.066
4056.53 294.504
4131.64 299.957
4206.54 302.871
4281.59 308.274
4356.68 313.681
4431.57 319.073
4506.54 324.471
4581.55 329.872
4656.68 335.281
4731.79 340.689
4806.69 346.081
4881.66 351.48
4957.05 359.882
5031.99 365.322
5107 367.704
5182.03 373.106
5257.16 378.516
5332.16 387.115
5407.16 389.315
