82.218 11
157.588 11
233.703 13
307.919 13
384.06 13
459.325 14
533.322 15
609.091 15
683.98 15
758.349 15
833.85 15
907.956 15
984.184 17
1058.09 17
1133.57 17
1208.81 17
1283.41 17
1358.8 17
1432.79 17
1508.95 17
1583.88 17
1658.9 18
1735.04 18
1809.31 18
1884.3 19
1959.32 19
2033.13 19
2109.52 19
2183.4 19
2259.41 19
2333.93 19
2409.44 19
2484.21 19
2559.12 19
2633.83 19
2708.46 21
2784.47 21
2859.69 21
2934.58 21
3009.57 21
3084.21 21
3158.72 21
3233.49 21
3309.13 21
3384.38 21
3459.75 21
3534.74 21
3608.35 21
3683.99 21
3760.37 21
3833.75 21
3909.26 22
3984.51 22
4059.64 23
4135.05 23
4209.54 23
4283.7 23
4360.17 23
4435.32 23
4509.94 23
4585.09 23
4660.08 23
4735.19 23
4810.53 23
4884.94 23
4960.04 24
5035.53 25
5109.78 25
5184.93 25
5260.66 25
5335.05 25
5409.9 25
