80.459 11
155.577 12
230.452 13
305.544 13
381.051 13
455.936 14
530.926 15
606.078 15
680.965 15
756.221 15
831.302 15
906.066 15
980.68 17
1056.07 17
1130.94 17
1206.04 17
1281.9 17
1356.02 17
1431.28 17
1506.05 17
1581.03 17
1656.14 19
1731.15 19
1806.04 19
1881.05 19
1956.3 19
2031.37 19
2106.39 19
2181.39 19
2256.64 19
2331.4 19
2406.43 19
2481.57 19
2556.6 19
2631.57 20
2706.45 21
2781.33 21
2856.43 21
2931.44 21
3006.68 21
3081.57 21
3156.72 21
3231.6 21
3306.62 21
3381.74 21
3456.86 21
3531.98 21
3606.84 21
3681.73 21
3756.98 21
3831.99 21
3907.01 22
3982.13 22
4057.26 22
4132.15 23
4207.28 23
4282.06 23
4357.16 23
4432.42 23
4507.05 23
4582.06 23
4657.19 23
4732.3 23
4807.17 23
4882.18 23
4958.03 24
5032.38 25
5107.51 25
5182.54 25
5257.64 25
5332.64 25
5407.77 25
