90.183 9
166.04 9
241.815 11
316.678 11
390.29 11
465.926 11
540.212 13
617.922 13
690.701 13
765.395 13
839.677 14
914.727 14
991.826 15
1065.72 15
1140.38 15
1214.42 15
1292.18 15
1365.82 15
1439.38 15
1515.32 15
1589.86 15
1664.66 16
1741.79 16
1814.99 16
1892.87 17
1964.69 17
2040.37 17
2115.51 17
2190.06 17
2268.43 17
2340.11 17
2415.61 17
2492.24 17
2565.14 17
2639.88 17
2718.85 18
2790.64 18
2866.3 18
2942.08 19
3017.88 19
3091.06 19
3165.7 19
3240.98 19
3315.62 19
3392.62 19
3468.91 19
3542.92 19
3617.8 19
3691.19 20
3766.57 20
3841.09 20
3916.47 20
3993.1 21
4068.1 21
4141.61 21
4216.52 21
4292.32 21
4365.65 21
4440.55 21
4516.15 21
4594.67 21
4665.58 21
4740.87 21
4817.71 21
4892.27 21
4966.23 22
5045.84 22
5117.65 22
5192.27 23
5266.69 23
5344.2 23
5416.38 23
