88.997 10
164.009 11
241.112 12
313.902 12
389.23 13
464.255 14
539.278 14
616.37 14
689.27 14
764.701 15
839.597 15
914.631 15
989.394 16
1064.41 16
1139.31 16
1214.47 16
1289.63 16
1364.76 16
1439.43 16
1514.76 16
1589.43 17
1664.46 17
1742.57 18
1814.29 18
1892.54 18
1964.72 18
2039.68 18
2114.71 18
2189.85 18
2264.76 18
2340 18
2414.92 18
2489.93 18
2564.94 18
2639.8 19
2714.82 20
2789.81 20
2864.86 20
2939.88 20
3015.1 20
3090.6 20
3164.89 20
3240.04 20
3314.93 20
3392.79 20
3467.97 20
3542.48 20
3615.63 20
3690 20
3766.14 20
3840.65 20
3915.9 20
3990.29 21
4065.91 21
4140.44 22
4215.95 22
4290.62 22
4366.31 22
4441.21 22
4515.46 22
4590.63 22
4665.5 22
4740.91 22
4815.67 22
4890.69 22
4966.15 23
5043.52 24
5116.08 24
5190.98 24
5266.5 24
5340.91 24
5416.18 24
