90.585 10
165.851 12
243.57 12
317.575 12
391.069 12
467.07 13
540.991 14
618.078 14
690.627 14
766.177 14
841.541 15
916.482 15
993.342 16
1066.14 16
1141.16 16
1217.93 16
1293.83 16
1366.11 16
1442.62 16
1516.85 16
1590.88 16
1666.68 16
1745.14 16
1816.63 17
1893.27 18
1966.45 18
2040.9 18
2115.93 18
2190.84 18
2269.95 18
2341.86 18
2417.38 18
2493.76 18
2565.92 18
2641.4 18
2718.03 18
2791.42 19
2866.96 19
2942.24 20
3020.86 20
3091.84 20
3166.98 20
3241.76 20
3317.01 20
3390.95 20
3469.69 20
3543.21 20
3616.72 20
3691.6 21
3766.99 21
3842.23 21
3916.89 21
3994.24 22
4068.88 22
4142 22
4216.81 22
4293.1 22
4367.52 22
4442.05 22
4517.3 22
4595.94 22
4667.1 22
4742.13 22
4816.64 23
4893.05 23
4967.74 24
5046.62 24
5118.31 24
5192.94 24
5267.85 24
5342.51 24
5417.65 24
