84.039 11
159.299 11
234.047 13
309.081 13
384.675 14
459.676 15
534.71 15
609.342 15
684.472 15
759.754 15
834.636 17
909.672 17
984.57 17
1059.96 17
1134.73 17
1209.88 17
1285.19 17
1359.84 17
1435.48 17
1509.95 17
1585.2 17
1659.76 17
1734.88 18
1809.97 19
1884.87 19
1959.77 19
2035.86 19
2110.13 19
2185.66 19
2259.93 19
2335.56 19
2409.85 19
2485.22 19
2560.12 19
2635.48 19
2710.49 20
2785.24 21
2860.17 21
2935.18 21
3010.14 21
3085.26 21
3160.19 21
3235.33 21
3310.24 21
3385.38 21
3460.28 21
3535.42 21
3611.93 21
3685.44 21
3760.67 21
3835.7 21
3910.69 21
3985.58 23
4060.6 23
4135.62 23
4210.87 23
4285.82 23
4360.87 23
4436 23
4511.03 23
4585.92 23
4660.8 23
4735.72 23
4810.74 24
4885.99 24
4961.09 25
5036.34 25
5111.5 25
5186.64 25
5261.17 25
5337.09 25
5412.23 25
