10.924 0.0
91.137 1.0
167.018 1.0
243.391 1.0
318.141 1.0
391.766 1.0
466.893 1.0
542.294 1.0
619.006 1.0
691.929 1.0
766.721 1.0
841.128 1.0
916.18 1.0
993.041 1.0
1066.68 1.0
1142.74 1.0
1215.4 1.0
1293.04 1.0
1366.91 1.0
1443.3 1.0
1518.8 1.0
1591.44 1.0
1667.12 1.0
1746.68 1.0
1816.58 1.0
1893.95 1.0
1966.15 1.0
2042.33 1.0
2116.72 1.0
2193.74 1.0
2269.4 1.0
2341.68 1.0
2416.7 1.0
2493.57 1.0
2568.95 1.0
2641.6 1.0
2719.83 1.0
2792.48 1.0
2867.38 1.0
2943.55 1.0
3019.11 1.0
3092.52 1.0
3167.17 1.0
3242.94 1.0
3316.59 1.0
3393.46 1.0
3470.62 1.0
3544.26 1.0
3618.65 1.0
3692.41 1.0
3767.67 1.0
3841.93 1.0
3917.81 1.0
3994.43 1.0
4069.68 1.0
4143.2 1.0
4218.12 1.0
4293.52 1.0
4367.09 1.0
4441.59 1.0
4517.74 1.0
4595.65 1.0
4667.05 1.0
4742.95 1.0
4818.56 1.0
4894.24 1.0
4967.81 1.0
5047.31 1.0
5119.24 1.0
5193.24 1.0
5268.15 1.0
5344.93 1.0
5417.85 1.0
