4.659 0.0
89.212 1.0
164.229 1.0
241.324 1.0
314.117 1.0
389.441 1.0
464.477 1.0
539.74 1.0
616.956 1.0
689.752 1.0
764.924 1.0
839.821 1.0
914.856 1.0
989.864 1.0
1064.64 1.0
1139.79 1.0
1214.69 1.0
1292.58 1.0
1365.12 1.0
1440.14 1.0
1514.98 1.0
1589.66 1.0
1664.68 1.0
1745.13 1.0
1814.77 1.0
1892.77 1.0
1965.45 1.0
2039.9 1.0
2115.17 1.0
2190.82 1.0
2266.97 1.0
2340.86 1.0
2415.14 1.0
2490.53 1.0
2565.9 1.0
2640.54 1.0
2715.18 1.0
2790.28 1.0
2865.09 1.0
2940.11 1.0
3017.79 1.0
3091.2 1.0
3165.12 1.0
3240.38 1.0
3315.04 1.0
3393.01 1.0
3468.19 1.0
3542.82 1.0
3615.86 1.0
3690.24 1.0
3766.61 1.0
3840.87 1.0
3916.12 1.0
3990.51 1.0
4066.15 1.0
4141.02 1.0
4216.17 1.0
4290.85 1.0
4366.52 1.0
4441.43 1.0
4515.93 1.0
4590.86 1.0
4666.22 1.0
4741.63 1.0
4815.9 1.0
4890.92 1.0
4966.38 1.0
5043.76 1.0
5116.3 1.0
5191.32 1.0
5266.73 1.0
5341.39 1.0
5416.65 1.0
