5.95 0.0
83.063 1.0
158.059 1.0
234.058 1.0
308.272 1.0
384.771 1.0
459.668 1.0
534.166 1.0
609.563 1.0
684.334 1.0
759.199 1.0
834.199 1.0
908.555 1.0
984.541 1.0
1059.2 1.0
1134.29 1.0
1209.41 1.0
1284.26 1.0
1359.52 1.0
1434.9 1.0
1509.42 1.0
1584.52 1.0
1659.51 1.0
1735.4 1.0
1809.67 1.0
1884.66 1.0
1959.67 1.0
2033.75 1.0
2110 1.0
2184.76 1.0
2259.76 1.0
2335.02 1.0
2409.79 1.0
2484.82 1.0
2559.59 1.0
2634.68 1.0
2709.82 1.0
2784.82 1.0
2860.05 1.0
2934.94 1.0
3010.17 1.0
3084.81 1.0
3159.07 1.0
3233.84 1.0
3309.99 1.0
3384.73 1.0
3460.1 1.0
3535.06 1.0
3608.71 1.0
3684.84 1.0
3760.85 1.0
3835.1 1.0
3909.61 1.0
3984.75 1.0
4060.51 1.0
4135.39 1.0
4210.39 1.0
4284.3 1.0
4360.52 1.0
4435.66 1.0
4510.93 1.0
4585.44 1.0
4660.81 1.0
4735.42 1.0
4810.92 1.0
4885.66 1.0
4960.64 1.0
5035.87 1.0
5110.76 1.0
5185.91 1.0
5261.14 1.0
5335.64 1.0
5410.76 1.0
