5.031 0.0
84.383 1.0
159.894 1.0
234.403 1.0
311.663 1.0
385.13 1.0
460.03 1.0
535.307 1.0
609.807 1.0
685.075 1.0
760.23 1.0
834.987 1.0
910.028 1.0
984.916 1.0
1060.31 1.0
1135.21 1.0
1210.23 1.0
1285.79 1.0
1360.44 1.0
1435.95 1.0
1510.31 1.0
1585.58 1.0
1660.63 1.0
1735.23 1.0
1810.44 1.0
1885.22 1.0
1960.25 1.0
2036.34 1.0
2110.73 1.0
2186.26 1.0
2260.29 1.0
2335.91 1.0
2410.45 1.0
2485.83 1.0
2560.84 1.0
2635.84 1.0
2710.84 1.0
2785.6 1.0
2860.78 1.0
2935.78 1.0
3011.23 1.0
3085.62 1.0
3160.54 1.0
3235.8 1.0
3310.59 1.0
3385.73 1.0
3460.63 1.0
3535.77 1.0
3612.41 1.0
3685.92 1.0
3761.03 1.0
3836.05 1.0
3911.54 1.0
3986.68 1.0
4061.2 1.0
4135.97 1.0
4211.11 1.0
4286.17 1.0
4361.22 1.0
4436.35 1.0
4511.5 1.0
4586.27 1.0
4661.17 1.0
4735.95 1.0
4811.21 1.0
4886.6 1.0
4961.69 1.0
5036.7 1.0
5111.85 1.0
5186.99 1.0
5261.4 1.0
5337.44 1.0
5412.58 1.0
