12.691 0.0
91.804 1.0
166.44 1.0
244.908 1.0
318.428 1.0
392.541 1.0
468.036 1.0
541.965 1.0
619.172 1.0
691.234 1.0
767.391 1.0
843.274 1.0
918.072 1.0
993.94 1.0
1067.35 1.0
1142.14 1.0
1220.78 1.0
1294.68 1.0
1367.19 1.0
1443.72 1.0
1519.58 1.0
1591.61 1.0
1667.9 1.0
1746.1 1.0
1817.97 1.0
1894.24 1.0
1967.42 1.0
2041.87 1.0
2117.01 1.0
2194.52 1.0
2270.92 1.0
2342.7 1.0
2417.97 1.0
2495.22 1.0
2568.62 1.0
2642.38 1.0
2718.97 1.0
2792.27 1.0
2867.8 1.0
2942.84 1.0
3021.74 1.0
3092.68 1.0
3167.95 1.0
3242.57 1.0
3318.1 1.0
3391.42 1.0
3470.79 1.0
3544.29 1.0
3618.07 1.0
3692.7 1.0
3768.08 1.0
3843.32 1.0
3918.09 1.0
3995.09 1.0
4069.86 1.0
4143.12 1.0
4217.65 1.0
4294.19 1.0
4368.74 1.0
4443.26 1.0
4518.03 1.0
4597.04 1.0
4667.82 1.0
4742.98 1.0
4817.24 1.0
4894.24 1.0
4969.55 1.0
5047.47 1.0
5119.15 1.0
5193.78 1.0
5268.82 1.0
5343.6 1.0
5419.36 1.0
