4.445 0.0
80.674 1.0
155.793 1.0
230.673 1.0
305.764 1.0
381.276 1.0
456.498 1.0
531.152 1.0
606.296 1.0
681.192 1.0
756.444 1.0
831.556 1.0
906.288 1.0
980.908 1.0
1056.29 1.0
1131.17 1.0
1206.51 1.0
1282.13 1.0
1356.25 1.0
1431.51 1.0
1506.27 1.0
1581.38 1.0
1656.36 1.0
1731.38 1.0
1806.27 1.0
1881.28 1.0
1956.52 1.0
2031.72 1.0
2106.74 1.0
2181.61 1.0
2256.87 1.0
2331.63 1.0
2406.65 1.0
2481.8 1.0
2556.83 1.0
2631.79 1.0
2706.68 1.0
2781.55 1.0
2856.66 1.0
2931.91 1.0
3006.91 1.0
3081.8 1.0
3156.95 1.0
3231.82 1.0
3306.84 1.0
3381.96 1.0
3457.09 1.0
3532.2 1.0
3607.06 1.0
3681.96 1.0
3757.21 1.0
3832.21 1.0
3907.23 1.0
3982.36 1.0
4057.49 1.0
4132.38 1.0
4207.51 1.0
4282.29 1.0
4357.39 1.0
4432.65 1.0
4507.29 1.0
4582.3 1.0
4657.41 1.0
4732.53 1.0
4807.4 1.0
4882.41 1.0
4958.25 1.0
5032.61 1.0
5107.74 1.0
5182.77 1.0
5257.87 1.0
5332.87 1.0
5407.99 1.0
