38.149 1
73.964 1
110.89 1
146.967 1
184.865 1
225.327 1
265.003 1
300.963 1
340.133 1
379.057 1
415.096 1
457.44 1
499.6 1
543.301 1
575.251 1
611.291 1
651.246 1
692.81 1
728.271 1
767.709 1
807.284 1
846.364 1
888.431 1
928.39 1
968.702 1
1006.01 1
1043.46 1
1085.41 1
1125.62 1
1165.57 1
1206.73 1
1243.59 1
1284.66 1
1321.86 1
1361.03 1
1399.6 1
1444.44 1
1480.71 1
1521.78 1
1561.74 1
1598.81 1
1637.12 1
1673.06 1
1714.86 1
1752.44 1
1787.97 1
1824.94 1
1867.01 1
1907.33 1
1948.4 1
1986.09 1
2026.33 1
2066.16 1
2102.11 1
2143.17 1
2183.4 1
2223.46 1
2261.4 1
2299.23 1
2343.05 1
2374.4 1
2418.45 1
2456.64 1
2497.43 1
2534.39 1
2572.41 1
2611.37 1
2649.58 1
2685.78 1
2727.56 1
2763.52 1
2799.6 1
2835.56 1
2873.9 1
2913.71 1
2950.92 1
2986.89 1
3023.72 1
3065.76 1
3104.74 1
3143.83 1
3181.91 1
3219.97 1
3261.89 1
3298 1
3333.95 1
3371.98 1
3412.95 1
3450.29 1
3490.09 1
3530.17 1
3569.08 1
3606.18 1
3644.08 1
3686.27 1
3723.11 1
3768.9 1
3804.22 1
3846.3 1
3882.34 1
3921.31 1
3962.39 1
4003.27 1
4045.34 1
4086.55 1
4123.5 1
4163.53 1
4202.52 1
4241.49 1
4282.57 1
4322.49 1
4361.58 1
4398.68 1
4442.98 1
4475.69 1
4512.72 1
4553.7 1
4597.01 1
4625.69 1
4668.17 1
4703.85 1
4743.83 1
4783.87 1
4822.9 1
4860.89 1
4902.86 1
4939.18 1
4975.3 1
5012.97 1
5055.06 1
5097.02 1
5137.37 1
5176.17 1
5217.23 1
5255.44 1
5296.89 1
5333.23 1
5372.53 1
5410.59 1
5448.29 1
