38.936 1
76.815 1
115.541 1
152.606 1
192.898 1
228.713 1
270.771 1
306.731 1
342.776 1
382.692 1
419.766 1
458.215 1
500.364 1
542.595 1
579.891 1
620.92 1
658.885 1
699.916 1
736.921 1
777.107 1
813.062 1
849.129 1
888.091 1
924.024 1
960.108 1
998.043 1
1039.51 1
1079.19 1
1118.29 1
1158.22 1
1200.18 1
1239.22 1
1281.22 1
1320.64 1
1362.42 1
1402.4 1
1445.22 1
1482.4 1
1521.45 1
1561.5 1
1598.69 1
1637.9 1
1677.61 1
1716.53 1
1752.6 1
1792.64 1
1830.66 1
1868.77 1
1908.11 1
1948.69 1
1989.81 1
2031.76 1
2069.79 1
2106.78 1
2146.84 1
2185.9 1
2222.97 1
2263.04 1
2299.01 1
2338.05 1
2377.05 1
2418.73 1
2457.42 1
2496.1 1
2531.02 1
2569.24 1
2608.54 1
2644.26 1
2686.45 1
2727.23 1
2766.16 1
2808.24 1
2847.3 1
2889.41 1
2931.33 1
2972.41 1
3010.38 1
3047.32 1
3093.92 1
3126.35 1
3168.96 1
3203.49 1
3244.09 1
3279.52 1
3321.6 1
3362.53 1
3401.6 1
3443.69 1
3484.61 1
3524.1 1
3562.78 1
3601.81 1
3640.79 1
3679.97 1
3718.78 1
3758.93 1
3800.88 1
3837.06 1
3873.91 1
3918.72 1
3955.15 1
3996.96 1
4034.01 1
4074.09 1
4111.14 1
4148.11 1
4190.17 1
4228.16 1
4270.2 1
4311.15 1
4352.12 1
4392.31 1
4430.26 1
4470.32 1
4511.64 1
4550.34 1
4597.79 1
4632.36 1
4673.56 1
4713.52 1
4753.59 1
4795.52 1
4833.55 1
4871.52 1
4909.87 1
4945.65 1
4985.67 1
5027.63 1
5066.71 1
5102.66 1
5141.75 1
5177.82 1
5214.86 1
5254.82 1
5294.79 1
5334.87 1
5370.79 1
5410.88 1
5452.97 1
