37.804 1
75.856 1
116.776 1
153.934 1
196.094 1
234.786 1
274.013 1
316.362 1
351.972 1
388.137 1
426.094 1
463.156 1
503.127 1
540.387 1
576.255 1
615.152 1
652.396 1
688.194 1
727.283 1
768.255 1
809.316 1
845.405 1
884.323 1
921.32 1
963.503 1
1002.44 1
1039.48 1
1081.43 1
1117.51 1
1159.49 1
1201.44 1
1237.6 1
1273.57 1
1309.65 1
1350.58 1
1392.68 1
1434.51 1
1473.79 1
1515.01 1
1550.79 1
1593.1 1
1629.81 1
1670.01 1
1705.93 1
1743.92 1
1780.9 1
1822.93 1
1860.04 1
1898.99 1
1937.94 1
1975.17 1
2014.03 1
2056.11 1
2096.05 1
2132.21 1
2169.18 1
2211.36 1
2250.18 1
2292.24 1
2330.18 1
2371.28 1
2413.33 1
2451.52 1
2490.91 1
2530.41 1
2566.41 1
2608.41 1
2646.45 1
2685.45 1
2722.49 1
2761.8 1
2798.64 1
2836.59 1
2875.04 1
2915.6 1
2951.57 1
2992.63 1
3028.73 1
3070.81 1
3112.76 1
3150.84 1
3186.79 1
3228.82 1
3268.95 1
3310.97 1
3350.78 1
3390.22 1
3428.92 1
3470.07 1
3506.95 1
3545.42 1
3585.96 1
3625.01 1
3667.08 1
3703.14 1
3740.21 1
3781.15 1
3819.22 1
3861.15 1
3901.72 1
3941.16 1
3980.35 1
4017.41 1
4056.35 1
4098.19 1
4133.4 1
4169.45 1
4206.42 1
4246.5 1
4286.55 1
4326.67 1
4369.13 1
4408.56 1
4449.63 1
4486.53 1
4523.65 1
4562.66 1
4601.77 1
4639.72 1
4679.76 1
4718.72 1
4758.82 1
4794.78 1
4830.82 1
4868.75 1
4910.24 1
4946.89 1
4986.94 1
5025.02 1
5064.96 1
5102.04 1
5139.12 1
5176.05 1
5212.5 1
5254.07 1
5291.02 1
5331.11 1
5368.16 1
5406.25 1
5442.2 1
