33.44 1
72.349 1
109.404 1
148.611 1
186.913 1
222.45 1
264.636 1
300.592 1
339.508 1
377.684 1
418.773 1
458.821 1
496.621 1
536.685 1
574.64 1
612.685 1
648.75 1
686.827 1
727.807 1
766.787 1
808.835 1
847.881 1
885.975 1
926.925 1
968.989 1
1006.05 1
1048.11 1
1084.08 1
1122.99 1
1165.2 1
1204.19 1
1245.11 1
1286.3 1
1322.12 1
1361.19 1
1397.18 1
1434.5 1
1471.4 1
1508.37 1
1547.4 1
1589.91 1
1628.31 1
1668.54 1
1707.43 1
1745.38 1
1781.42 1
1818.48 1
1855.52 1
1893.64 1
1933.55 1
1969.67 1
2006.76 1
2043.12 1
2080.65 1
2117.75 1
2154.67 1
2192.82 1
2230.81 1
2271.81 1
2311.83 1
2350.83 1
2388.87 1
2427.92 1
2467.87 1
2503.95 1
2540.03 1
2580.96 1
2622.99 1
2664.18 1
2706.03 1
2748.18 1
2786.11 1
2827.08 1
2867.43 1
2903.22 1
2942.23 1
2979.41 1
3018.04 1
3056.3 1
3094.29 1
3136.34 1
3173.45 1
3215.35 1
3255.44 1
3296.5 1
3335.97 1
3373.66 1
3411.45 1
3449.68 1
3485.75 1
3523.57 1
3560.64 1
3596.58 1
3637.62 1
3673.73 1
3711.76 1
3747.7 1
3783.8 1
3824.96 1
3867.01 1
3904.98 1
3945.93 1
3982.99 1
4024.93 1
4061.21 1
4097.2 1
4136.1 1
4173.21 1
4209.16 1
4247.12 1
4288.16 1
4326.3 1
4366.78 1
4404.15 1
4441.68 1
4479.21 1
4518.53 1
4557.34 1
4598.28 1
4635.35 1
4672.32 1
4713.36 1
4751.56 1
4793.39 1
4833.4 1
4871.52 1
4907.5 1
4949.46 1
4988.69 1
5025.64 1
5064.59 1
5102.66 1
5143.62 1
5182.8 1
5218.75 1
5258.7 1
5300.9 1
5342.75 1
5384.77 1
5420.87 1
5460.79 1
