32.781 1
68.855 1
110.876 1
150.857 1
192.834 1
230.932 1
270.974 1
307.024 1
343.971 1
385.998 1
427.086 1
467.082 1
509.089 1
545.112 1
582.598 1
618.147 1
660.133 1
702.144 1
744.251 1
785.264 1
822.208 1
864.267 1
904.313 1
944.598 1
985.519 1
1023.35 1
1063.39 1
1104.45 1
1142.5 1
1181.42 1
1217.44 1
1257.54 1
1297.59 1
1335.54 1
1377.56 1
1419.66 1
1455.68 1
1492.67 1
1533.81 1
1572.68 1
1609.79 1
1648.78 1
1686.8 1
1723.78 1
1765.81 1
1801.79 1
1841.98 1
1881.87 1
1923.94 1
1964 1
2000.03 1
2036.08 1
2074.05 1
2113.07 1
2151.18 1
2188.08 1
2224.18 1
2263.21 1
2299.17 1
2336.24 1
2376.22 1
2416.24 1
2455.35 1
2496.39 1
2534.39 1
2570.4 1
2608.46 1
2647.5 1
2687.48 1
2724.51 1
2761.45 1
2803.52 1
2839.6 1
2879.62 1
2918.57 1
2956.62 1
2994.72 1
3034.7 1
3072.73 1
3113.76 1
3150.71 1
3189.99 1
3229.88 1
3267.91 1
3303.89 1
3340.93 1
3377.86 1
3414.92 1
3454.99 1
3494.05 1
3530.97 1
3567.02 1
3604.12 1
3640.16 1
3676.11 1
3717.12 1
3754.14 1
3790.16 1
3827.26 1
3868.28 1
3907.48 1
3947.31 1
3984.37 1
4024.27 1
4064.33 1
4101.41 1
4137.47 1
4173.94 1
4211.73 1
4250.46 1
4292.5 1
4329.55 1
4369.57 1
4409.58 1
4446.61 1
4488.71 1
4526.62 1
4566.73 1
4603.74 1
4645.69 1
4683.74 1
4720.84 1
4761.85 1
4802.8 1
4844.82 1
4882.91 1
4924.95 1
4961.98 1
5001.91 1
5042.92 1
5081.02 1
5117.08 1
5159.04 1
5199.11 1
5236.05 1
5276.09 1
5316.15 1
5355.18 1
5393.17 1
5429.16 1
