31.824 1
72.424 1
108.439 1
144.268 1
185.298 1
226.285 1
265.287 1
302.385 1
341.672 1
380.555 1
420.392 1
460.174 1
496.533 1
539.054 1
578.786 1
619.819 1
659.679 1
699.59 1
740.662 1
776.832 1
817.796 1
855.79 1
891.759 1
928.787 1
964.773 1
1006.76 1
1047.9 1
1089.04 1
1129.98 1
1166.9 1
1202.98 1
1240.01 1
1281.32 1
1319.89 1
1360.41 1
1401.39 1
1438.41 1
1474.14 1
1512.3 1
1548.24 1
1586.27 1
1626.21 1
1666.26 1
1703.22 1
1739.25 1
1781.26 1
1823.41 1
1864.39 1
1905.42 1
1944.39 1
1980.54 1
2016.43 1
2052.49 1
2088.47 1
2125.5 1
2161.6 1
2199.5 1
2240.72 1
2278.73 1
2318.71 1
2358.74 1
2394.85 1
2432.8 1
2473.75 1
2515.94 1
2559.98 1
2597.9 1
2635.07 1
2676.9 1
2712.95 1
2751.01 1
2791.33 1
2832.01 1
2872.05 1
2908.01 1
2946.06 1
2982.14 1
3020.3 1
3060.15 1
3099.17 1
3141.3 1
3177.43 1
3217.32 1
3254.33 1
3292.29 1
3334.33 1
3372.58 1
3412.74 1
3448.45 1
3486.48 1
3523.95 1
3561.71 1
3603.68 1
3644.45 1
3680.77 1
3719.7 1
3761.61 1
3804.2 1
3844.69 1
3886.67 1
3924.63 1
3965.84 1
4003.86 1
4039.84 1
4080.85 1
4118.84 1
4160.88 1
4200.83 1
4237 1
4277.89 1
4315.02 1
4352 1
4393.02 1
4436.05 1
4472.99 1
4511.31 1
4550.29 1
4592.06 1
4630.14 1
4667.18 1
4704.29 1
4740.3 1
4777.24 1
4814.3 1
4854.24 1
4896.39 1
4934.62 1
4974.38 1
5016.35 1
5052.33 1
5093.33 1
5135.61 1
5176.76 1
5214.53 1
5254.61 1
5291.63 1
5329.6 1
5371.74 1
5412.64 1
5453.72 1
