57.601 658.701
79.638 1189.291
542.974 1049.042
679.891 857.617
1121.02 1358.961
1202.14 699.555
1661.17 745.431
1783.48 777.751
2480.8 762.657
2575.42 2387.487
2835.62 1900.774
3174.44 3344.684
3236.87 751.042
3359.96 759.294
3493.94 1127.59
3536.08 894.251
3589.03 2649.982
3890.24 1013.529
4372.03 1756.659
4827.72 4135.471
4849.99 1894.71
5308.87 883.335
5330.11 999.01
5577.55 1934.136
5599.56 1706.872
5676.52 5312.7
5748.26 1327.352
5890.14 1228.296
6042.18 799.898
6659.66 1448.501
7497.59 817.933
8755.52 725.897
8856.75 795.987
10208.5 621.393
