372.787 2381.434
537.458 626.758
558.196 423.313
644.774 286.699
665.285 213.814
1115.87 187.811
1260.48 1466.865
1891.31 297.557
1911.82 263.321
2093.69 521.394
2892.73 241.511
2913.46 459.387
3187.28 1004.19
3231.73 462.576
3294.09 381.126
3717.49 215.964
4098.8 554.182
5947.48 455.807
6357.5 2195.141
6419.57 129.526
6470.06 190.407
6654.52 220.057
6966.82 734.207
7017.56 407.488
7421.59 388.509
7667.53 2031.305
7719.52 1689.153
7911.59 686.322
8278.25 301.913
9124.55 457.506
9336.74 172.482
10151.3 655.561
