167.231 735.343
2473.57 975.903
2872.22 738.415
3764.39 2354.353
3836.76 1131.317
4359.85 974.31
4441.85 1589.461
5359.45 1858.137
5636.72 1394.54
15917.8 2716.187
16183.1 3491.183
16376 1402.701
20118.9 1048.526
23081.7 1944.632
23374.3 3652.156
24496.7 1401.466
27182.2 3097.97
27955.9 4457.7
29046.1 5489.727
33708.6 7179.053
35909.4 2505.012
36778.8 2647.621
37600.1 2272.943
39187.9 3318.296
40258 1090.101
40360.6 2195.279
40815.1 4648.273
43365.6 2922.834
43550.7 2151.038
43632.6 1466.727
48047 1047.16
48853.2 3256.004
48945.8 400.711
48996.4 323.588
49017.3 642.509
49523.5 986.834
49872.8 2158.632
50859.8 1039.913
51876.7 1570.73
51927.9 912.496
57319.6 389.798
57431 947.366
57512.7 1378.028
57563.4 445.014
57614.2 449.505
59399.1 2008.701
