163.125 216.712
334.752 574.239
355.652 531.088
492.049 980.249
627.77 2161.732
649.929 1828.859
813.589 710.177
834.093 210.676
905.694 479.28
1544.76 430.105
1866.42 374.07
2018.4 454.443
2169.97 244.04
2441.15 284.621
2615.11 681.033
2813.57 2238.012
3161.54 1394.148
3380.43 263.916
3764.58 1141.305
3904.05 268.734
4319.85 223.156
4340.81 564.56
4646.99 1091.35
4671.99 4767.172
5089.65 680.912
5167.37 402.236
5683.24 1120.429
6196.25 502.657
6237.97 631.673
6312.24 2873.498
6546.41 304.303
6587.28 581.956
6971.56 392.248
7094.52 921.179
7211.76 3064.984
7426.7 499.77
7580.78 573.343
7886.33 529.493
8112.4 1315.04
8597.9 182.741
8621.71 3422.82
8663.4 768.277
8796.86 504.777
9171.64 1139.216
9664.02 527.211
10156 472.044
10250 1682.101
10291.4 270.169
10365.6 3012.612
