176.466 7.72
327.213 10.06
465.098 15.05
606.021 13.08
770.469 13.27
925.393 12.14
1063.74 11.19
1225.32 10.69
1371.04 10.32
1522.51 9.67
1656.77 9.43
1826.42 9.58
1955.39 9.52
2105.35 9.02
2273.31 8.98
2420.77 8.97
2573.37 9.10
2739.72 9.08
2869.3 9.24
3005.58 9.39
3157.98 9.45
3306.55 9.68
3457.65 9.76
3623.36 9.76
3754.69 9.85
3924.66 9.77
4072.49 9.74
4213.08 10.04
4371.67 10.18
4505.51 10.43
4657.85 10.62
4805.19 10.68
4970.03 10.73
5105.37 10.80
5263.96 10.81
5421.29 11.10
5570.38 11.10
5723.84 11.43
5894.82 11.61
6004.02 11.61
6159.11 11.71
6304.22 11.64
6454.15 11.58
6619.25 11.51
6771.72 11.47
6905.68 11.62
7054.01 11.76
7204.03 11.98
7354.2 12.13
7510.06 12.26
7654.86 12.30
7821.09 12.18
7953.42 12.20
8105.02 12.26
8255.05 12.53
8419.2 12.52
8559.65 12.65
8718.98 12.61
8853.46 12.63
9019.67 12.56
9152.88 12.44
9304.22 12.34
9472.55 12.26
9618.51 12.15
9787.51 12.10
9945 12.00
10052.7 12.18
10204.4 12.32
10352.8 12.39
