163.029 42.1593
312.95 173.499
463.169 249.555
612.869 317.711
763.209 376.873
912.802 399.807
1062.62 447.577
1213.46 490.724
1362.56 538.756
1512.63 569.053
1662.6 654.401
2412.16 939.295
2562.38 988.566
2712.09 1064.23
2862.05 1119.63
3012.14 1248.83
3161.98 1329.93
3311.95 1408.9
3465.29 1484.53
3615.27 1581.32
3761.83 1674.77
3911.92 1720.46
4061.89 1810.79
4211.84 1973.67
4361.82 2009.93
4511.51 2179.06
4661.48 2299.04
4811.45 2347.02
4964.66 2424.74
5111.75 2521.12
5261.22 2642.18
5411.94 2753.59
5561.89 2839.9
5900.32 3125.99
6011.78 3199.47
6161 3253.01
6310.84 3286.69
6463.67 3339.13
6611.14 3435.15
6761.1 3500.9
7060.78 3774.69
7210.74 3954.37
7360.58 4049.79
8457.58 5160.81
8710.13 5356.73
9912.85 5828.75
10059.7 6011.66
10209.5 6150.21
