830.73 1132.45
1659.09 2148.19
1879.69 2455.26
2240.84 3091.01
2897.19 3822.55
3272.86 4290.71
3821.84 4946.22
4385.07 5646.22
5696.75 7379.57
6134.13 7935.11
7092.81 8592.23
7896.72 9163.35
8147.52 9454.38
8382.97 9637.06
9584.42 10563.9
10459.4 10932.2
12335 12063.6
13322.5 12685.7
13835.8 13025
15778.3 16056
16090.8 16374
17342 17844.9
17342.1 17865.9
18309.9 18797
19694.7 20372.2
19737.5 20759.9
21159.9 22776.5
22439.2 24355.5
22439.3 24624.9
22478.4 24748.7
23464.5 26158.2
23742.4 26553.5
24290.3 27618.1
24331.3 27635.5
24762.5 28259
25224.6 29179.8
25681.9 29909.1
26259 30817.6
26619.3 31432.1
27330.5 32337.4
27998.4 33581.2
28036.4 33761.4
29237.1 35400.2
30079.3 36636.6
30204.1 36698
30628.2 37103
30752.9 37069.5
31457.6 37919
31770.2 38333.9
32584.1 39081.4
32695.1 39214.5
34810.3 41271.1
35215 41919.9
35651.6 42974.5
36259.3 43794
36845.2 44634.3
37454.7 45305.2
37571.1 45536.1
37708.2 45725
38488.2 46855.5
39145.4 47773
39722.9 48430.1
40518.1 49812.9
40751 50368.3
40975.3 50596.4
41389.5 51157.4
41636.8 51563.1
42337.5 52507
42403.3 52741.2
43091.8 53907.9
43918.2 54889
43967.3 54844.9
44730.3 55796.5
45169.4 56452.7
45311.8 56630.7
45661.3 57505.8
45913 57795.3
46530.8 58768.3
46924 59462.1
47074.5 59850.5
47229.8 60218
47360.8 60612.3
48051.7 61640.7
48115 62010.6
48495.8 62646.8
48539.6 62703.5
48791.5 63116.7
49505.6 63862.3
49748.5 64145.7
50173.2 64452.5
51565 65745.4
53781.8 68733.1
53996.3 68521.3
55074.1 69657.7
56082.3 70158.9
57436.3 71887.3
58669.1 73535.8
59320.1 74245
60403 75201.7
