528.261 483.359
4370.58 4536.66
8208.95 7373.28
9057.16 7716.7
12523.5 9850.99
12523.5 9490.35
12816.6 9374.07
14437.2 11676.8
17867.3 15169.3
18053.2 15413.8
19742.2 17756.1
20195.6 18224.5
22185.7 20619.4
23889.6 22690.3
23939 24087.4
24460 24802.5
26596.1 27287.5
26647.4 28091.7
26831.8 28398.8
27920.6 29685.1
28536.7 30494.3
29459.4 31374.2
30560.7 32583.8
31981.5 33810.8
32712.7 34171.7
33698 35463.8
33879.5 35797.1
34023.4 36173.7
35562.8 38322.5
35966.2 38800.3
36113.3 38959
37662.9 40766.3
38077.8 41375.4
38687 42037.3
39010.5 42412.3
40358.8 44604.6
40906.6 45308.2
41554.3 46025.6
42516.6 47601.6
42516.7 47627.2
43266.5 48285.4
45724.8 51111.2
46132.3 52839.9
46853.7 54116
47340.5 55161.1
48230.7 56082.6
48533.1 56376.1
48749.6 56452.1
50029.7 57724.3
50733.4 58384
51151.8 58712.1
52718.8 60289.2
54804.8 62181.5
55023.9 62166
57955.9 65617.6
57992.7 65520.1
58369.4 65945.7
59122.9 66761.6
59182.9 66722.8
