163.029 4.31
312.95 9.24
463.169 8.98
612.869 8.64
763.209 8.23
912.802 7.30
1062.62 7.02
1213.46 6.74
1362.56 6.59
1512.63 6.27
1662.6 6.56
2412.16 6.49
2562.38 6.43
2712.09 6.54
2862.05 6.52
3012.14 6.91
3161.98 7.01
3311.95 7.09
3465.29 7.14
3615.27 7.29
3761.83 7.42
3911.92 7.33
4061.89 7.43
4211.84 7.81
4361.82 7.68
4511.51 8.05
4661.48 8.22
4811.45 8.13
4964.66 8.14
5111.75 8.22
5261.22 8.37
5411.94 8.48
5561.89 8.51
5900.32 8.83
6011.78 8.87
6161 8.80
6310.84 8.68
6463.67 8.61
6611.14 8.66
6761.1 8.63
7060.78 8.91
7210.74 9.14
7360.58 9.17
8457.58 10.17
8710.13 10.25
9912.85 9.80
10059.7 9.96
10209.5 10.04
