190.912 8.43
340.758 9.50
490.153 13.73
640.239 12.36
790.699 13.10
940.047 12.18
1089.99 11.09
1239.58 10.77
1389.54 10.44
1539.5 9.97
1690.22 9.86
1840.55 9.73
2439.28 9.24
2589.36 9.43
2739.11 9.41
2889.04 9.42
3042.13 9.54
3190.01 9.76
3339.45 9.89
3505.26 9.91
3639.85 9.93
3789.97 10.28
3938.86 10.14
4089.28 10.30
4243.45 10.65
4388.78 10.75
4539.26 11.01
4688.48 11.50
4858.31 11.39
5009.52 11.47
5138.62 11.46
5290.47 11.80
5438.18 11.88
5590.75 12.08
5753.34 12.25
5888.06 12.53
6038.02 12.41
6187.99 12.57
6337.82 12.41
6490.17 12.33
6641.75 12.28
6787.71 12.38
6937.94 12.45
7087.64 12.69
7240.72 12.81
7387.81 13.04
7537.68 13.13
7999.21 13.32
8155.65 13.22
8287.86 13.58
8443.81 13.48
8591.4 13.63
8745.99 13.64
8887.44 13.71
9966.06 13.11
10090.7 13.30
10240.6 13.44
10386.5 13.56
