470.262 7.07
619.361 6.90
769.312 6.56
919.281 6.98
1562.37 6.89
1669.22 7.20
1818.93 7.20
1969.9 7.22
2123.01 7.33
2277.57 7.50
2419.79 7.67
2571.75 7.75
2724.84 7.84
2868.79 8.26
3022.91 8.09
3168.73 8.12
3318.69 8.46
3468.88 8.61
3639.61 8.77
3769.85 8.97
3918.3 8.96
4085.75 8.98
4226.97 8.98
4384.05 9.13
4518.78 9.27
4672.62 9.39
4968.05 9.94
5278.16 10.50
5417.81 10.34
5571.04 10.28
5738.39 10.16
5869.06 10.20
6022.56 10.24
6188.24 10.43
6321.49 10.51
6468.04 10.66
6631.65 10.72
7089.05 10.76
7218.68 10.76
7372.36 11.00
7523.18 10.97
7684.48 11.13
7816.97 11.09
7966.93 11.15
8274.16 11.50
9183.02 12.16
9321.87 12.27
