162.973 12.09
314.363 12.11
463.645 18.10
611.965 14.97
761.924 15.95
911.883 14.51
1061.84 13.84
1211.82 13.00
1361.76 12.70
1511.73 11.91
1661.95 11.63
1811.78 11.62
1966.23 11.64
2130.32 11.05
2279.41 10.94
2413.77 10.71
2561.34 11.01
2711.31 10.93
2861.28 11.00
3011.24 11.10
3161.52 11.21
3327.03 11.34
3461 11.35
3611.21 11.29
3761.18 11.55
3911.14 11.38
4061.09 11.47
4211.06 11.85
4361.03 12.08
4510.99 12.20
4660.64 12.44
4830.41 12.40
4964.51 12.40
5110.47 12.39
5260.77 12.51
5410.39 12.66
5560.35 12.76
5710.33 13.01
5860.62 13.28
6010.12 13.13
6167.35 13.23
6310.05 13.08
6468.89 12.99
6609.99 12.91
6759.94 12.95
6910.93 13.05
7069.24 13.22
7211.77 13.34
7379.67 13.49
7509.89 13.54
7678.6 13.63
7825.19 13.52
7961.03 13.51
8109.49 13.52
8259.72 13.82
8409.67 13.79
8559.38 13.95
8709.21 13.92
8859.18 14.00
9018.13 13.91
9183.86 13.79
9326.82 13.72
9463.34 13.63
9627.37 13.54
9776.81 13.49
9929.42 13.38
10090.3 13.46
10217.6 13.65
10367.1 13.73
