470.262 199.485
619.361 256.415
769.312 302.801
919.281 384.995
1562.37 645.883
1669.22 721.102
1818.93 785.778
1969.9 853.362
2123.01 933.698
2277.57 1024.9
2419.79 1113.59
2571.75 1195.86
2724.84 1281.76
2868.79 1421.77
3022.91 1467.32
3168.73 1543.8
3318.69 1684.57
3468.88 1792.03
3639.61 1915.16
3769.85 2028.93
3918.3 2106.48
4085.75 2201.4
4226.97 2277.49
4384.05 2401.58
4518.78 2513.34
4672.62 2632.55
4968.05 2962.95
5278.16 3325.24
5417.81 3361.21
5571.04 3436.22
5738.39 3498.12
5869.06 3591.86
6022.56 3700.26
6188.24 3872.6
6321.49 3986.33
6468.04 4136.96
6631.65 4265.47
7089.05 4576.69
7218.68 4660.38
7372.36 4865.75
7523.18 4951.76
7684.48 5131.69
7816.97 5201.41
7966.93 5329.88
8274.16 5709.17
9183.02 6699.93
9321.87 6862.76
