528.261 15.25
4370.58 17.30
8208.95 14.97
9057.16 14.20
12523.5 13.11
12523.5 12.63
12816.6 12.19
14437.2 13.48
17867.3 14.15
18053.2 14.23
19742.2 14.99
20195.6 15.04
22185.7 15.49
23889.6 15.83
23939 16.77
24460 16.90
26596.1 17.10
26647.4 17.57
26831.8 17.64
27920.6 17.72
28536.7 17.81
29459.4 17.75
30560.7 17.77
31981.5 17.62
32712.7 17.41
33698 17.54
33879.5 17.61
34023.4 17.72
35562.8 17.96
35966.2 17.98
36113.3 17.98
37662.9 18.04
38077.8 18.11
38687 18.11
39010.5 18.12
40358.8 18.42
40906.6 18.46
41554.3 18.46
42516.6 18.66
42516.7 18.67
43266.5 18.60
45724.8 18.63
46132.3 19.09
46853.7 19.25
47340.5 19.42
48230.7 19.38
48533.1 19.36
48749.6 19.30
50029.7 19.23
50733.4 19.18
51151.8 19.13
52718.8 19.06
54804.8 18.91
55023.9 18.83
57955.9 18.87
57992.7 18.83
58369.4 18.83
59122.9 18.82
59182.9 18.79
