190.912 96.5633
340.758 194.232
490.153 403.788
640.239 474.801
790.699 621.489
940.047 686.986
1089.99 725.282
1239.58 801.015
1389.54 870.407
1539.5 920.928
1690.22 999.935
1840.55 1074.51
2439.28 1352.34
2589.36 1465.06
2739.11 1546.5
2889.04 1632.89
3042.13 1741.32
3190.01 1868.07
3339.45 1981.63
3505.26 2084.23
3639.85 2168.63
3789.97 2337.65
3938.86 2396.4
4089.28 2527.17
4243.45 2711.56
4388.78 2830.77
4539.26 2998.63
4688.48 3235.05
4858.31 3320.17
5009.52 3447.55
5138.62 3533.31
5290.47 3745.65
5438.18 3876.33
5590.75 4052.17
5753.34 4228.7
5888.06 4426.64
6038.02 4495.91
6187.99 4666.98
6337.82 4719.14
6490.17 4801.43
6641.75 4893.64
6787.71 5041.91
6937.94 5182.64
7087.64 5396.53
7240.72 5565.22
7387.81 5780.22
7537.68 5938.18
7999.21 6392.97
8155.65 6469.06
8287.86 6752.95
8443.81 6829.35
8591.4 7026.05
8745.99 7157.72
8887.44 7310.8
9966.06 7839.31
10090.7 8052.35
10240.6 8258.03
10386.5 8450.42
