176.466 81.7391
327.213 197.506
465.098 419.983
606.021 475.605
770.469 613.447
925.393 674.056
1063.74 714.196
1225.32 785.92
1371.04 848.949
1522.51 883.361
1656.77 937.402
1826.42 1049.83
1955.39 1116.92
2105.35 1139.42
2273.31 1224.86
2420.77 1302.86
2573.37 1405.06
2739.72 1492.6
2869.3 1590.74
3005.58 1693.34
3157.98 1790.57
3306.55 1920.44
3457.65 2024.8
3623.36 2121.84
3754.69 2219.02
3924.66 2300.63
4072.49 2379.96
4213.08 2537.96
4371.67 2670.21
4505.51 2819.55
4657.85 2967.98
4805.19 3079.16
4970.03 3199.71
5105.37 3308.28
5263.96 3414.2
5421.29 3610.58
5570.38 3709.87
5723.84 3925.41
5894.82 4106.33
6004.02 4182.4
6159.11 4327.39
6304.22 4402.86
6454.15 4484.34
6619.25 4571.25
6771.72 4660.3
6905.68 4814.64
7054.01 4977.31
7204.03 5178.25
7354.2 5352.38
7510.06 5524.4
7654.86 5649.29
7821.09 5715.65
7953.42 5821.9
8105.02 5962.05
8255.05 6206.15
8419.2 6324.5
8559.65 6496.77
8718.98 6596.78
8853.46 6709.15
9019.67 6797.22
9152.88 6831.71
9304.22 6888.84
9472.55 6968.01
9618.51 7011.89
9787.51 7105.73
9945 7160.4
10052.7 7346.49
10204.4 7543.12
10352.8 7696.3
