171.426 4.04
320.198 7.57
506.957 9.48
620.375 9.62
770.321 8.59
920.901 7.89
1070.38 7.17
1220.21 6.81
1371.3 6.38
1520.38 6.07
1669.97 5.99
1822.56 5.85
2421.99 5.47
2570.12 5.54
2719.59 5.55
2874.05 5.51
3022.26 5.64
3169.47 5.67
3319.7 5.70
3473.84 5.63
3622.86 5.64
3769.57 5.70
3920.04 5.69
4075.13 5.79
4219.1 5.82
4371.98 5.80
4521.77 5.98
4668.99 6.06
4818.95 6.01
4972.04 6.05
5119 6.04
5268.97 6.21
5418.93 6.17
5568.89 6.23
5724.35 6.31
5868.95 6.40
6029.78 6.37
6168.5 6.37
6318.4 6.32
6471.3 6.24
6619.39 6.26
6813.97 6.28
6918.93 6.35
7069.16 6.38
7218.12 6.49
7370.21 6.56
7517.93 6.61
7887.2 6.53
7967.93 6.56
8121.02 6.57
8267.86 6.69
8428.63 6.67
8568.37 6.75
8717.69 6.71
9947.1 6.47
10069 6.54
10217 6.57
