162.973 118.221
314.363 228.416
463.645 503.518
611.965 549.667
761.924 729.161
911.883 793.885
1061.84 881.754
1211.82 945.216
1361.76 1037.66
1511.73 1080.28
1661.95 1159.71
1811.78 1263.17
1966.23 1373.22
2130.32 1412.4
2279.41 1496.21
2413.77 1551.09
2561.34 1692.02
2711.31 1778.08
2861.28 1888.45
3011.24 2005.49
3161.52 2126.44
3327.03 2263.71
3461 2356.94
3611.21 2446.23
3761.18 2606.49
3911.14 2670.53
4061.09 2794.84
4211.06 2994.07
4361.03 3160.87
4510.99 3302.04
4660.64 3478.7
4830.41 3593.83
4964.51 3693.59
5110.47 3799.12
5260.77 3948.73
5410.39 4109.73
5560.35 4257.01
5710.33 4457.48
5860.62 4669.74
6010.12 4734.77
6167.35 4895.64
6310.05 4952.13
6468.89 5041.85
6609.99 5120.1
6759.94 5252.48
6910.93 5411.26
7069.24 5607.32
7211.77 5772.3
7379.67 5973.1
7509.89 6101.03
7678.6 6279.56
7825.19 6347.8
7961.03 6453.21
8109.49 6578.42
8259.72 6848.96
8409.67 6958.16
8559.38 7164.2
8709.21 7273.94
8859.18 7441.72
9018.13 7526.53
9183.86 7598.72
9326.82 7677.84
9463.34 7739.12
9627.37 7821.28
9776.81 7913.35
9929.42 7971.34
10090.3 8148.89
10217.6 8368.21
10367.1 8540.39
