201.803 4
354.583 8
466.57 9
607.98 10
772.445 14
952.277 16
1067.35 17
1252.95 19
1392.91 20
1546.5 22
1658.32 23
1853.78 25
1956.75 26
2145.83 28
2292.68 29
2442.15 31
2599.55 32
2741.35 34
2890.16 35
3007.13 36
3162.21 40
3312.95 41
3458.89 43
3648.61 49
3757.7 50
3950.9 52
4096.99 53
4215.33 54
4395.41 56
4510.78 61
4660.72 66
4808.94 67
4971.78 71
5106.36 74
5265.45 76
5443.03 78
5571.37 79
5725.46 80
5896.18 82
6005.65 84
6161.86 91
6308.95 92
6455.66 97
6641.56 103
6803.2 104
6908.67 105
7056.89 121
7210.61 128
7362.43 130
7515.68 131
7659.49 135
7823.95 136
7961.18 140
8106.51 142
8258.22 144
8421.06 145
8560.77 147
8723.61 148
8855.32 150
9043.16 154
9155.38 155
9307.08 156
9499.31 160
9638.9 161
9797.48 163
9946.31 167
10053.9 178
10208 179
10355 181
