209.34 8
316.969 12
467.659 13
617.528 19
768.199 20
919.838 22
1065.51 23
1221.96 25
1367.69 26
1515.38 28
1666.96 29
2348.36 37
2416.2 40
2570.02 41
2714.34 43
2866.45 44
3016.02 48
3173.89 50
3315.93 51
3469.9 54
3619.73 56
3766.82 57
3914.91 59
4065.88 60
4215.72 62
4404.21 67
4515.39 68
4664.86 69
4815.2 71
4970.92 74
5115.75 75
5265.85 76
5415.18 78
5582.76 80
6015.27 93
6166.5 94
6313.33 96
6470.32 100
6618.38 101
6766.35 102
7070.4 108
7217.74 110
7364.55 111
8461.31 124
8605.65 126
8714 127
9950.85 231
10066.9 361
10212.9 363
