242.069 14
398.69 19
508.528 20
626.992 23
776.471 25
927.79 26
1077.15 28
1228.45 29
1375.46 31
1526.87 32
1673.71 34
2426.8 46
2573.61 48
2732.46 49
2883.79 51
3026.41 54
3174.41 56
3323.7 57
3477.52 62
3627.61 63
3773.2 65
3924.68 66
4086.11 68
4224.47 69
4383.05 71
4525.02 75
4672.71 77
4822.57 78
4976.44 83
5122.87 84
5272.95 86
5426.3 87
5573 89
5734.09 90
5887.07 92
6033.78 95
6171.36 97
6323.1 98
6478.07 102
6624.38 103
6816.48 105
6926.85 109
7077.64 111
7222.23 112
7374.59 114
7932.21 138
7972.05 139
8138.64 140
8272.21 142
8456.57 143
8571.9 145
8721.61 146
8937.77 150
9933.71 165
9954.8 165
10072.8 167
10223.1 168
