241.628 9
388.856 12
533.536 16
684.73 18
835.206 20
1008.54 22
1208.89 25
1307.95 28
1518.52 30
1609.18 31
1779.98 33
1919.68 34
2035.63 35
2194.35 38
2335.1 39
2482.28 41
2681.1 43
2782.96 44
2958.41 45
3085.29 47
3271.53 49
3395.7 50
3575.03 52
3685.72 53
3838.57 54
3982.91 56
4132.61 57
4282.21 59
4437.68 60
4586.65 62
4742.1 63
4882.19 65
5034.15 66
5204.36 68
5332.21 69
5519.04 71
5631.88 72
5785.24 74
5948.19 75
6090.14 77
6241.04 79
6380.7 81
6557.28 83
6691.87 84
6831.34 85
7002.31 87
14630.4 187
14686.6 188
14779.8 189
14953 191
15131.8 208
15236.9 209
15387.8 211
15529.7 212
15676.7 214
15830.7 215
15978.5 217
16128.4 218
16278.2 220
16452.4 221
19143.6 257
19323.5 260
19428.3 261
19584 265
19729.3 266
19879.3 268
20025.9 269
20182.7 271
20350.4 273
20497.6 275
20627.1 280
20775.7 282
20943 283
21076.6 285
21262.4 287
21394 288
21527.1 289
21677.5 291
21855.8 292
22026.8 294
22128.5 295
22317.3 298
22462.3 301
22592.8 302
22726.7 303
22905.7 305
23027.5 306
23179.1 308
23351.2 309
23475.8 311
23661.6 313
23789.5 315
23969.4 317
24096.6 318
24226 319
24398.5 321
24531.4 322
24698.9 324
24833.7 325
24998.5 327
25159.6 328
25294.3 330
25447.1 331
25595 333
25723.4 334
25880.2 336
26030.2 337
26209.4 339
26379.3 340
26564.6 342
26656 343
26810.5 345
26954.9 346
27103.7 348
27255.5 349
27405.1 351
27564 352
27709.4 354
27852 355
28002.2 357
28151.5 358
28321.8 361
28452 362
28606.3 364
28761.4 365
28902.7 367
29055.1 368
29201.9 370
29355.5 371
29501 373
29669.6 374
29824.6 376
29952.5 377
34758.6 432
34765.7 432
34900.5 434
35153.4 436
35212.7 437
35349.9 439
35503.1 441
35678.4 444
35872.7 446
35954.9 447
36150.9 451
36266.9 452
36430.4 454
36583 455
36702.7 457
36857.1 458
37017.4 460
37168 461
37299.3 463
37451.2 464
37675.9 607
37748.1 608
37946.7 610
38077 611
38233.4 614
38398 616
38549.8 617
38720.4 621
38798.1 622
38949.7 623
39097.9 625
39249.2 626
39410.1 628
39576 629
39700 631
39884.3 633
40072.2 634
40149.4 635
40298 637
40460.1 638
40602.5 640
40749.1 641
40900.7 643
41051.4 644
41222.9 646
41393.2 648
41526.8 649
41647.9 650
41795.9 653
41976.4 654
42124.8 656
42258.9 658
42415.1 662
42553.8 663
42728.1 666
42866.7 667
43021.8 669
43149.1 672
43308.2 674
43446.8 675
43698.5 678
43749.3 682
43919.6 684
44053 685
44233.5 687
44366.5 688
44495.7 690
44648.7 691
44797.3 693
44955.7 694
45126.1 696
45245.6 700
45399.6 702
45552.9 703
45730.2 706
45847.9 707
46048 709
46150.2 710
46308.8 713
46447.9 714
46611.5 716
46748.7 717
46905.8 719
47136.8 721
47208.6 722
47575.5 725
47720.9 727
47809.5 728
47982.7 729
48100 731
48273.3 732
48403.3 734
48557.4 735
48776.6 744
48881.1 745
49009.1 747
49228.9 751
49295.9 752
49461.9 753
49596.5 755
49760.4 756
49994.6 758
50614.7 766
50861 767
50868.6 768
51812.1 791
52037.8 794
52192.6 799
55189.6 843
55648.5 848
55673.9 852
55954.3 858
56062.4 860
56378.9 863
56664.5 868
56872.7 871
56981.8 872
57107.2 875
57254.2 878
57426.7 880
57873.1 882
57957.2 896
58741.7 907
59125.5 908
59166.3 912
59194.1 913
59465.2 915
60069.9 916
60499.7 981
60555 981
60855.6 983
60927 985
61069.1 986
61519.5 1010
61647.9 1012
61968.5 1020
62140.8 1022
