165.506 12
318.582 13
465.74 19
614.229 20
768.072 24
915.279 25
1064.09 27
1216.32 28
1364.14 30
1515.1 31
1663.57 33
1813.4 34
1969.11 39
2151.95 42
2280.53 43
2416.39 44
2564.58 48
2713.53 49
2864.15 51
3013.98 53
3163.45 58
3337.15 59
3463 62
3612.7 70
3762.17 72
3913.45 73
4064.22 75
4214.19 76
4364.53 78
4512.98 82
4662.46 86
4833.29 87
4966.13 89
5112.1 104
5265.3 106
5411.79 107
5562.23 109
5712.82 110
5862.29 112
6011.38 114
6169.95 124
6312.68 125
6484.67 129
6611.48 132
6761.06 134
6912.15 135
7072.5 158
7224.58 167
7383.67 169
7513.75 170
7679.97 174
7836.97 175
7965.15 177
8110.99 180
8262.45 182
8411.41 183
8561.88 185
8711.48 186
8863.06 188
9037.03 191
9187.6 193
9331.08 194
9471.79 200
9628.99 201
9780.58 203
9931.66 204
10098.4 217
10219.8 218
10369.1 220
