213.136 4
478.136 7
623.913 9
773.457 10
923.392 12
1576.11 21
1673.38 22
1822.81 24
1973.52 25
2146.37 29
2301.97 30
2443.29 32
2581.93 34
2729.9 36
2872.8 37
3030.26 39
3173.26 40
3322.57 42
3472.52 43
3643.36 46
3790.45 47
3925.72 49
4110.31 55
4237.23 57
4417.18 59
4522.51 60
4676.6 61
5192.01 71
5283.83 72
5424.29 74
5581.53 77
5742.88 79
5876.57 80
6071.89 82
6215.74 125
6350.95 128
6515.55 130
6663.27 131
7044.43 135
7095.19 136
7248.31 139
7380.6 140
7582.73 142
7688.38 143
7827.48 145
9213.01 401
9338.1 403
