17.196 0.0
214.567 0.8333333333333334
466.389 0.6470588235294118
480 0.7272727272727273
626.364 0.7692307692307693
791.928 0.8
925.144 0.8235294117647058
1578.11 0.64
1675.96 0.6666666666666666
1832.17 0.6896551724137931
1975.39 0.7096774193548387
2148.6 0.7272727272727273
2307.56 0.7428571428571429
2444.68 0.7567567567567568
2599.61 0.7692307692307693
2731.71 0.7804878048780488
2884.92 0.7906976744186046
3032.38 0.8
3194.5 0.8085106382978723
3325.43 0.8163265306122449
3477.52 0.8235294117647058
3646.23 0.8301886792452831
3792.07 0.8363636363636363
3930.04 0.8421052631578947
4112.12 0.847457627118644
4239.46 0.8524590163934426
4419.04 0.8571428571428571
4525.26 0.8615384615384616
4678.86 0.8656716417910447
5193.88 0.8287671232876712
5285.96 0.8333333333333334
5431.07 0.8376623376623377
5583.63 0.8417721518987342
5746.99 0.845679012345679
5879.21 0.8493975903614458
6089.14 0.8529411764705882
6218.1 0.8563218390804598
6365.58 0.8595505617977528
6517.56 0.8626373626373627
6666.49 0.8655913978494624
7045.28 0.8402061855670103
7098.41 0.8434343434343434
7249.85 0.8465346534653465
7392.32 0.8495145631067961
7595.15 0.8523809523809524
7690.49 0.8551401869158879
7839.96 0.8577981651376146
8554.78 0.8162393162393162
9176.51 0.768
9216.88 0.7716535433070866
9344.47 0.7751937984496124
