11.643 0.0
166.303 1.0
320.767 1.0
466.851 1.0
616.561 1.0
769.653 1.0
916.49 1.0
1064.83 1.0
1220.67 1.0
1365.01 1.0
1516.34 1.0
1664.43 1.0
1813.89 1.0
1970.11 1.0
2153.06 1.0
2287.03 1.0
2416.74 1.0
2565.61 1.0
2714.3 1.0
2865.64 1.0
3014.49 1.0
3165.69 1.0
3341.15 1.0
3463.74 1.0
3614.46 1.0
3763.42 1.0
3922.01 1.0
4067.87 1.0
4215.68 1.0
4365.02 1.0
4513.36 1.0
4666.32 1.0
4839.93 1.0
4966.62 1.0
5112.59 1.0
5267.7 1.0
5414.52 1.0
5562.73 1.0
5714.19 1.0
5862.78 1.0
6014.37 1.0
6170.98 1.0
6313.67 1.0
6485.75 1.0
6612.6 1.0
6761.81 1.0
6913.65 1.0
7073.86 1.0
7228.45 1.0
7389.28 1.0
7527.88 1.0
7691.46 1.0
7837.55 1.0
7967.02 1.0
8112.13 1.0
8263.07 1.0
8412.41 1.0
8562.4 1.0
8712.97 1.0
8864.43 1.0
9038.38 1.0
9189.1 1.0
9335.68 1.0
9472.65 1.0
9629.99 1.0
9782.2 1.0
9932.79 1.0
10102 1.0
10221.2 1.0
10372.7 1.0
