5.414 0.0
202.184 1.0
355.144 1.0
466.868 1.0
608.708 1.0
775.294 1.0
952.626 1.0
1067.47 1.0
1253.42 1.0
1394.39 1.0
1546.73 1.0
1659.07 1.0
1854.65 1.0
1959.37 1.0
2146.33 1.0
2293.3 1.0
2442.63 1.0
2599.97 1.0
2742.56 1.0
2891.27 1.0
3007.74 1.0
3162.71 1.0
3313.3 1.0
3460.39 1.0
3649.22 1.0
3759.56 1.0
3951.14 1.0
4097.23 1.0
4215.82 1.0
4395.66 1.0
4515.13 1.0
4663.61 1.0
4811.31 1.0
4972.14 1.0
5106.73 1.0
5268.07 1.0
5444.15 1.0
5572.12 1.0
5726.58 1.0
5896.79 1.0
6007.01 1.0
6162.23 1.0
6309.69 1.0
6455.91 1.0
6641.98 1.0
6803.57 1.0
6909.29 1.0
7058.13 1.0
7211.47 1.0
7363.96 1.0
7517.15 1.0
7662.11 1.0
7824.45 1.0
7962.79 1.0
8109.25 1.0
8259.71 1.0
8421.8 1.0
8561.39 1.0
8724.6 1.0
8856.45 1.0
9043.9 1.0
9161 1.0
9307.58 1.0
9499.91 1.0
9640.38 1.0
9797.72 1.0
9946.93 1.0
10054.5 1.0
10209 1.0
10356.1 1.0
