38.235 0.0
203.821 1.0
345.034 1.0
501.242 1.0
644.956 1.0
797.819 1.0
946.655 1.0
1097.23 1.0
1243.95 1.0
1393.89 1.0
1545.48 1.0
1701.32 1.0
1845.03 1.0
2428.64 0.8333333333333334
2443.27 0.8428571428571429
2596.73 0.8552631578947368
2743.44 0.8625
2893.28 0.8690476190476191
3048.99 0.875
3198.98 0.8804347826086957
3345.04 0.8854166666666666
3512.5 0.89
3645.85 0.8942307692307693
3794.19 0.8981481481481481
3944.27 0.9017857142857143
4094.99 0.9051724137931034
4259.6 0.9083333333333333
4395.41 0.9112903225806451
4550.5 0.9140625
4692.34 0.9166666666666666
4862.8 0.9191176470588235
5014.14 0.9214285714285714
5143.48 0.9236111111111112
5305.47 0.9256756756756757
5449.28 0.9276315789473685
5640.11 0.9294871794871795
5787.82 0.93125
5897.42 0.9329268292682927
6047.63 0.9345238095238095
6192.1 0.936046511627907
6342.31 0.9375
6495.77 0.9388888888888889
6647.49 0.9402173913043478
6800.2 0.9414893617021277
6944.07 0.9427083333333334
7098.13 0.9438775510204082
7250.24 0.945
7413.55 0.946078431372549
7541.9 0.9471153846153846
7998.91 0.9212962962962963
8004.81 0.9227272727272727
8168.24 0.9241071428571429
8298.46 0.9254385964912281
8476.84 0.9267241379310345
8616.64 0.9279661016949152
8760.35 0.9291666666666667
8891.07 0.930327868852459
9987.55 0.8529411764705882
10134.4 0.855072463768116
10245.7 0.8571428571428571
10391.5 0.8591549295774648
