11.615 0.0
218.457 1.0
322.792 1.0
470.382 1.0
619.865 1.0
769.936 1.0
920.889 1.0
1067.11 1.0
1224.07 1.0
1371.03 1.0
1517.25 1.0
1669.33 1.0
2350.42 0.7910447761194029
2418.28 0.8028169014084507
2571.99 0.8133333333333334
2727.71 0.8227848101265823
2870.16 0.8313253012048193
3017.63 0.8390804597701149
3175.72 0.8461538461538461
3317.93 0.8526315789473684
3472.02 0.8585858585858586
3621.36 0.8640776699029126
3770.7 0.8691588785046729
3921.93 0.8738738738738738
4067.63 0.8782608695652174
4217.84 0.8823529411764706
4406.29 0.8861788617886179
4517.39 0.889763779527559
4666.6 0.8931297709923665
4817.69 0.8962962962962963
4972.9 0.8992805755395683
5117.24 0.9020979020979021
5267.95 0.9047619047619048
5418.54 0.9072847682119205
5583.75 0.9096774193548387
5843.2 0.8930817610062893
5994.78 0.8834355828220859
6017.28 0.8862275449101796
6167.99 0.8888888888888888
6319.85 0.8914285714285715
6472.91 0.8938547486033519
6619.63 0.8961748633879781
6767.97 0.8983957219251337
7035.28 0.8848167539267016
7087.64 0.8871794871794871
7221.11 0.8894472361809045
7366.32 0.8916256157635468
8463.7 0.8008658008658008
8607.39 0.8
8716.11 0.803347280334728
9909.33 0.7228464419475655
9955.19 0.7269372693726938
10082.4 0.730909090909091
10215.1 0.7347670250896058
