18.235 0.0
245.564 0.9090909090909091
513.244 0.8421052631578947
629.466 0.8695652173913043
779.206 0.8888888888888888
930.798 0.9032258064516129
1079.48 0.9142857142857143
1231.57 0.9230769230769231
1376.91 0.9302325581395349
1528.62 0.9361702127659575
1675.21 0.9411764705882353
2398.53 0.746268656716418
2428.28 0.7605633802816901
2591.5 0.7733333333333333
2735.32 0.7848101265822784
2885.29 0.7951807228915663
3027.75 0.8045977011494253
3175.71 0.8131868131868132
3325.31 0.8210526315789474
3479.52 0.8282828282828283
3630.11 0.839622641509434
3778.19 0.8468468468468469
3926.78 0.853448275862069
4088.75 0.859504132231405
4226.73 0.864
4384.55 0.8692307692307693
4532.41 0.8731343283582089
4673.72 0.8768115942028986
4824.06 0.8811188811188811
4978.9 0.8843537414965986
5125.12 0.8874172185430463
5275.08 0.8903225806451613
5427.67 0.8930817610062893
5575.01 0.8957055214723927
5735.84 0.8982035928143712
5889.8 0.9017341040462428
6035.39 0.9050279329608939
6173.48 0.907103825136612
6324.7 0.9095744680851063
6480.04 0.9114583333333334
6626.12 0.9137055837563451
6819.6 0.9154228855721394
6931.18 0.9178743961352657
7079.64 0.9198113207547169
7223.98 0.9220183486238532
7376.57 0.9237668161434978
7937.06 0.8945147679324894
7974.17 0.8966942148760331
8143.01 0.8983739837398373
8275.6 0.900398406374502
8459.8 0.9027237354085603
8573.65 0.9045801526717557
8724.11 0.9060150375939849
9943.07 0.831081081081081
9965.31 0.8333333333333334
10074.3 0.8366013071895425
10230.1 0.8387096774193549
