271.708 1329.489
344.45 936.438
642.55 331.323
1042.95 424.116
1371.3 1184.884
1503.95 447.526
1679.46 426.395
1843.77 612.106
2210.06 189.412
2639.29 406.092
2690.14 544.744
2799.32 4637.704
2947.31 3762.63
3283.69 135.136
3764.31 607.215
4410.34 388.799
4430.91 341.229
4701.95 674.787
4788.62 537.869
4869.83 432.319
4920.72 587.038
4962.12 289.587
5311.5 637.04
5382.82 523.937
5711.15 567.703
5731.75 388.047
5917.27 544.495
6235.41 1802.869
6490.67 685.756
6512.72 1815.899
6614.06 413.402
6655.04 654.442
7000.56 3426.352
7227.18 784.439
7603.95 630.542
7684.72 381.715
7705.5 547.084
7748 2200.344
7790.14 576.577
