8.987 2307.366
100.17 111.356
351.826 125.697
392.496 261.245
658.359 420.941
1193.01 392.527
1214.2 841.308
1276.23 222.102
1439.58 458.566
1695.99 240.593
2077.08 299.15
2187.66 121.189
2382.33 191.712
2494.69 360.484
2515.13 194.93
2943.4 180.592
2986.99 145.184
3240.67 216.598
3537.53 263.769
3578.66 204.522
3997.56 252.517
4038.47 231.742
4170.52 235.158
4191.02 270.137
4263.02 196.946
4448.02 246.457
4581.67 130.071
4980.64 180.847
5215.41 223.444
5636.62 207.172
5964.92 169.908
6191.94 212.794
6589.84 464.455
7002.16 273.98
7127.89 225.899
7296.02 185.927
7316.47 227.471
7358.79 2033.082
7460.45 279.724
7715.07 240.74
7735.73 433.497
