331.219 966.875
474.968 487.707
537.026 917.815
629.909 577.879
741.93 831.772
804.775 1260.934
856.865 1747.082
1255.56 448.952
1357.93 719.947
1552.76 448.518
1605.27 2200.909
1708.54 775.713
1729.36 596.468
1810.32 417.858
2135.76 432.398
2269.38 900.336
2330.98 346.526
2452.08 527.911
2606.23 580.426
2910.29 507.046
3395.34 1165.692
4222.84 735.078
4397.78 624.691
4535.45 428.326
4627.59 416.224
4668.51 590.541
5452.94 808.003
5473.78 626.17
5596.22 390.889
5617.6 1149.839
5638.25 436.058
5882.56 809.783
6028.56 288.429
6324.3 441.771
6840.26 896.58
6881.78 711.476
6902.72 715.035
7050.35 810.66
7070.89 324.668
7296.89 436.822
7419.14 445.267
