666.962 1550.309
1075.71 177.973
1138.3 433.686
1414.95 981.246
1548.81 238.225
2111.51 238.434
2132 194.482
2580.66 252.833
2652.16 321.24
2693.52 177.232
2734.8 186.589
3316.24 206.361
3574.82 306.194
3616.52 273.797
3747.25 238.103
3808.89 273.293
4115.58 979.958
4207.64 303.074
4309.97 144.466
4414.54 815.464
4622.87 158.374
4965.29 204.843
5243.9 193.759
5448.07 206.844
5683.69 169.094
5969.6 221.549
6177.88 230.803
6565.87 154.646
6709.5 211.374
6791.63 199.6
6968.69 125.654
7384.32 267.442
