762.13 741.027
1091.43 611.304
1213.19 542.436
1399.24 579.5
1625.17 608.647
1829.99 392.326
2564.06 719.583
2760.94 2997.563
2868.54 842.799
2930.41 836.525
3055.98 696.763
3352.55 472.501
3445.25 560.361
3486.98 969.691
3944.36 1100.203
4120.34 1507.692
4263.49 922.662
4284.39 683.727
4463.37 5134.461
4575.9 439.376
4688.15 376.38
4730.39 1130.548
4754.54 3880.281
4948.7 681.557
5093.48 535.714
5114.44 738.716
5276.02 643.789
5297.72 1496.768
5494.12 1080.229
5779.95 502.78
5903.58 1757.909
6007.07 583.555
6048.37 552.011
6220.36 486.311
6406.34 1833.598
6818.11 1414.552
6943.15 536.929
7028.34 465.178
7317.29 1139.515
7776.44 1118.151
