706.585 181.451
847.977 200.971
1018.42 235.255
1150.46 256.782
1300.24 284.752
1453.64 319.218
1896.78 413.118
2389.89 523.387
2498.76 542.731
2671.84 580.325
2799.43 609.716
2946.43 639.965
3249.21 701.829
3429.28 742.783
3699.95 801.41
3863.09 832.109
4003.97 860.053
4146.09 888.093
4595.94 981.694
4904.63 1044.69
5045.62 1071.69
5203.47 1102.1
5665.17 1186.29
5795.67 1217.09
6100.54 1277.45
6252.86 1305.6
6436.51 1343.94
6545.87 1362.85
6702.96 1395.56
6851.93 1422.46
7445.04 1545.59
7602.44 1573.71
7901.81 1626.19
8053.9 1652.66
8214.97 1685.71
8346.98 1712.8
8497.71 1743.73
8652.91 1770.38
8806.93 1801.9
8947.25 1825.24
9109.98 1852.97
9263.88 1878.71
9552.44 1931.5
9694.76 1960.28
9844.96 1990.65
9996.25 2021.24
10155.7 2053.49
10296.7 2082
