405.3 35.0179
554.58 47.9157
706.365 58.0632
854.126 72.7715
1003.45 83.6879
1152.78 93.3753
1307.78 102.791
1458.82 116.414
1607.81 128.303
1753.95 139.965
1907.38 148.775
2054.49 159.017
2203.83 167.932
2355.23 180.882
2507.81 191.095
2653.53 205.383
2805.92 217.178
2954.72 234.014
3105.24 242.209
3253.94 253.807
3402.81 261.336
3552.37 268.559
3704.43 282.277
3855.82 296.127
4004.16 307.52
4152.11 321.373
4304.17 327.978
4452.56 339.285
4604.57 348.106
4755.11 359.486
4902.49 367.687
5053.62 379.022
5204.17 387.19
5354.15 401.561
5502.65 419.302
5657.32 437.877
5805.53 459.798
5954.33 475.155
6101.86 486.928
6253.56 502.786
6405.4 514.994
6560.6 535.345
6707.31 547.316
6852.87 563.306
7002.81 571.43
7154.91 583.841
7312.88 596.731
7454.14 612.73
7603.94 625.044
7755.53 646.811
7902.77 654.349
