405.3 1.44
554.58 1.44
706.365 1.37
854.126 1.42
1003.45 1.39
1152.78 1.35
1307.78 1.31
1458.82 1.33
1607.81 1.33
1753.95 1.33
1907.38 1.30
2054.49 1.29
2203.83 1.27
2355.23 1.28
2507.81 1.27
2653.53 1.29
2805.92 1.29
2954.72 1.32
3105.24 1.30
3253.94 1.30
3402.81 1.28
3552.37 1.26
3704.43 1.27
3855.82 1.28
4004.16 1.28
4152.11 1.29
4304.17 1.27
4452.56 1.27
4604.57 1.26
4755.11 1.26
4902.49 1.25
5053.62 1.25
5204.17 1.24
5354.15 1.25
5502.65 1.27
5657.32 1.29
5805.53 1.32
5954.33 1.33
6101.86 1.33
6253.56 1.34
6405.4 1.34
6560.6 1.36
6707.31 1.36
6852.87 1.37
7002.81 1.36
7154.91 1.36
7312.88 1.36
7454.14 1.37
7603.94 1.37
7755.53 1.39
7902.77 1.38
