1100.24 2.58
1358.87 2.66
1670.39 2.70
1809.92 2.72
1964.18 2.74
2261.28 2.75
2409.62 2.76
2561.47 2.74
2747.82 2.75
2879.53 2.76
3011.18 2.77
3172.81 2.76
3326.12 2.77
3616.78 2.76
3758.01 2.75
4064.38 2.76
4211.8 2.76
4365.42 2.76
4657.71 2.77
4816.61 2.78
4959.92 2.76
5110.95 2.78
5259.59 2.77
5407.49 2.77
5557.74 2.76
5727.81 2.77
5895.26 2.76
6027.9 2.77
6327.52 2.77
6490.46 2.77
6615.08 2.77
6769.33 2.77
6922.94 2.77
7063.76 2.77
7357.23 2.76
7515.73 2.77
7806.74 2.76
7959.39 2.75
8106.96 2.75
8267.72 2.73
8406.48 2.74
8571.3 2.73
8859.22 2.74
9030.37 2.74
9158.89 2.74
9306.46 2.74
9457.49 2.74
