156.759 47.592
306.938 84.5307
458.81 119.474
609.3 174.382
758.811 213.985
906.588 258.378
1058.49 312.467
1206.87 354.818
1357.08 394.096
1507.12 426.816
1656.42 482.018
1807.29 527.007
1957.45 575.49
2107.54 606.971
2259.38 654.769
2407.16 703.372
2557.6 750.401
2708.12 796.188
2857.89 845.363
3009.8 886.687
3157.5 939.673
3306.39 974.062
3459.5 1019.17
3606.9 1062.59
3756.38 1106.63
3906.84 1146.27
4056.87 1190.29
4207.66 1229.48
4356.21 1278.11
4509.51 1317.68
4656.67 1360.68
4808.8 1396.47
4958.37 1442.89
5108.53 1483.52
5256.14 1523.23
5407.35 1560.56
5559.03 1607.67
5707.97 1657.6
5856.08 1711.15
6008.84 1762.99
6159.22 1803.42
6307.69 1846.89
6456.05 1890.33
6609.4 1927.3
6758.84 1983.04
6906.23 2030.43
7058.25 2075.12
7205.84 2122.84
7357.19 2163.01
7507.64 2193.73
7663.29 2243.81
7806.38 2299.76
7955.51 2367.56
8105.92 2402.59
