403.468 1.60
550.993 1.62
700.696 1.54
848.92 1.57
1002.85 1.55
1148.75 1.52
1299.72 1.45
1450.25 1.47
1599.03 1.48
1748.63 1.46
1899.51 1.42
2048.83 1.41
2198.47 1.37
2348.73 1.36
2501.2 1.33
2648.67 1.34
2799.01 1.31
2951.11 1.32
3098.28 1.30
3249.32 1.29
3398.32 1.27
3549.47 1.27
3700.07 1.26
3848.36 1.27
3998.34 1.27
4148.95 1.26
4299.6 1.26
4448.18 1.27
4598.36 1.27
4748.43 1.27
4898.86 1.26
5048.4 1.25
5202.25 1.24
5349.48 1.25
5498.66 1.25
5648.95 1.25
5799.6 1.26
5948.07 1.26
6098.69 1.26
6248.05 1.26
6401.23 1.25
6548.08 1.25
6697.75 1.25
6850.33 1.25
6997.87 1.25
7148.55 1.24
7301.72 1.23
7449.76 1.23
7598.05 1.23
7748 1.24
7898.11 1.23
