661.382 125.001
780.38 153.111
931.93 176.135
1082.6 209.158
1248.82 239.023
1380.89 270.93
1543.67 309.351
1681.98 339.087
1831.94 368.221
1979.34 393.096
2131.4 422.016
2279.22 451.285
2429.16 479.517
2580.46 515.576
2736.55 548.405
2878.96 585.58
3029.01 612.466
3185.69 644.147
3328.83 677.084
3488.04 713.653
3628.73 742.438
3779.52 777.826
3929.56 808.704
4078.62 841.826
4228.99 870.325
4378.48 901.09
4528.46 929.24
4711.99 972.554
4831.22 997.164
5021.19 1036.37
5149.2 1062.79
5279.15 1095.95
5428.19 1120.38
5585.29 1152.8
5728.04 1185.7
5887.12 1222.17
6031 1244.8
6177.85 1275.11
6327.88 1306.08
6477.94 1337.05
6630.22 1372.46
6780.42 1403.55
6931.66 1447.33
7107.86 1488.39
7228.53 1513.65
7396.8 1553.33
7569.73 1594.19
7685.51 1618.57
7980.56 1685.49
8127.71 1711.7
8286.12 1740.08
8427.31 1774.79
8577.06 1806.33
8733.46 1834.03
8876.93 1864.16
9034.95 1897.34
9176.85 1921.63
9326.78 1947.43
9476.8 1978.76
9657.5 2010.69
9776.67 2041.37
9926.58 2072.67
10109.9 2110.94
10229.2 2135.85
10377.9 2166.9
