392.545 74.8976
543.105 98.0848
692.573 126.741
842.695 156.236
992.528 185.801
1143.03 203.003
1292.4 231.082
1442.79 256.239
1592.43 297.147
1742.82 323.119
1892.47 349.729
2043.52 372.738
2192.95 401.309
2342.75 430.129
2492.26 462.065
2642.56 489.931
2792.55 516.063
2943.03 543.872
3092.14 576.994
3242.58 603.12
3392.44 630.994
3542.07 648.199
3692.01 684.498
3842.5 714.704
3991.93 747.288
4141.99 767.925
4293.44 801.156
4441.99 826.21
4593.19 857.089
4741.93 887.69
4891.97 912.842
5041.89 937.791
5192.58 962.704
5341.93 990.393
5491.73 1024.76
5641.77 1049.37
5791.81 1091.18
5941.77 1108.73
6093.11 1136.97
6241.73 1168.45
6392.7 1200.55
6541.87 1224.64
6692.98 1248.91
6841.76 1272.57
6991.76 1308.86
7141.51 1328.32
7292.54 1356.41
7441.47 1375.18
7591.51 1434.79
7742.31 1486.52
7891.45 1515.16
