396.01 53.699
545.405 76.5749
692.804 93.5285
844.522 121.104
992.833 140.585
1149.52 159.323
1293.25 171.485
1447.32 193.651
1596.43 214.56
1745.15 234.548
1892.67 249.832
2044.76 267.454
2192.33 282.81
2341.89 302.104
2492.07 316.991
2642.68 336.149
2794.14 352.062
2942.92 381.403
3093.12 400.868
3245.39 424.497
3392.43 433.552
3542.11 454.807
3693.14 471.983
3842.41 491.06
3997.81 508.522
4142.37 524.424
4292.67 543.453
4442.34 570.397
4591.76 589.582
4742.17 603.204
4892.3 622.301
5043.12 638.459
5193.37 648.133
5342.65 666.762
5494.11 688.962
5642.11 710.906
5791.65 733.223
5942.1 752.27
6093.18 767.74
6242.18 786.514
6391.44 801.487
6541.51 828.155
6691.9 843.179
6841.51 862.03
6992.1 876.809
7142.65 895.688
7291.34 905.585
7443.65 924.502
7591.12 938.263
7741.43 966.131
7892.11 980.2
