403.468 38.7329
550.993 53.5565
700.696 64.7443
848.92 79.9683
1002.85 93.2654
1148.75 104.766
1299.72 113.076
1450.25 127.912
1599.03 141.994
1748.63 153.18
1899.51 161.839
2048.83 173.331
2198.47 180.714
2348.73 191.656
2501.2 199.596
2648.67 212.953
2799.01 220.002
2951.11 233.728
3098.28 241.666
3249.32 251.498
3398.32 258.952
3549.47 270.47
3700.07 279.726
3848.36 293.245
3998.34 304.674
4148.95 313.661
4299.6 325.05
4448.18 338.951
4598.36 350.395
4748.43 361.83
4898.86 370.354
5048.4 378.63
5202.25 387.047
5349.48 401.211
5498.66 412.399
5648.95 423.671
5799.6 438.45
5948.07 449.674
6098.69 461.061
6248.05 472.352
6401.23 480.092
6548.08 491.106
6697.75 502.331
6850.33 513.775
6997.87 524.841
7148.55 531.852
7301.72 538.867
7449.76 549.792
7598.05 560.736
7748 576.451
7898.11 582.88
