706.585 4.28
847.977 3.95
1018.42 3.85
1150.46 3.72
1300.24 3.65
1453.64 3.66
1896.78 3.63
2389.89 3.65
2498.76 3.62
2671.84 3.62
2799.43 3.63
2946.43 3.62
3249.21 3.60
3429.28 3.61
3699.95 3.61
3863.09 3.59
4003.97 3.58
4146.09 3.57
4595.94 3.56
4904.63 3.55
5045.62 3.54
5203.47 3.53
5665.17 3.49
5795.67 3.50
6100.54 3.49
6252.86 3.48
6436.51 3.48
6545.87 3.47
6702.96 3.47
6851.93 3.46
7445.04 3.46
7602.44 3.45
7901.81 3.43
8053.9 3.42
8214.97 3.42
8346.98 3.42
8497.71 3.42
8652.91 3.41
8806.93 3.41
8947.25 3.40
9109.98 3.39
9263.88 3.38
9552.44 3.37
9694.76 3.37
9844.96 3.37
9996.25 3.37
10155.7 3.37
10296.7 3.37
