153.807 2.22
302.525 2.52
452.409 3.33
603.985 3.35
752.344 3.35
902.278 3.35
1052.28 3.20
1202.3 3.13
1352.29 2.94
1502.25 2.99
1652.16 2.90
1802.57 2.91
1952.43 2.84
2102.17 2.86
2252.15 2.81
2402.12 2.80
2552.8 2.75
2702.04 2.77
2852.05 2.73
3001.99 2.78
3152.26 2.79
3301.98 2.81
3452.18 2.78
3601.91 2.79
3751.83 2.79
3902.72 2.82
4051.81 2.81
4201.82 2.81
4351.73 2.79
4501.76 2.82
4651.77 2.81
4801.65 2.85
4951.73 2.85
5104.64 2.86
5251.69 2.83
5401.62 2.84
5551.64 2.82
5701.92 2.84
5851.97 2.85
6001.59 2.84
6151.55 2.84
6301.44 2.85
6451.47 2.85
6601.44 2.87
6751.4 2.85
6901.36 2.85
7051.41 2.84
7204 2.84
7351.27 2.84
7502.05 2.84
7651.31 2.86
7801.2 2.94
7951.55 2.91
