734.85 4.14
884.544 4.02
1034.6 4.05
1193.2 3.96
1342.16 3.95
1484.31 3.99
1640.08 3.98
1786.98 3.94
1969.88 3.93
2087.46 3.91
2236.44 3.90
2554.67 3.89
2686.8 3.87
3019.61 3.90
3138.43 3.91
3283.92 3.92
3440.3 3.92
3603.34 3.93
3736.81 3.93
3884.27 3.93
4033.6 3.95
4186.14 3.94
4370.6 3.95
4486.25 3.93
4636.54 3.94
4786.12 3.95
4935.63 3.95
5385.86 3.96
5533.57 3.95
5683.2 3.96
5841.73 3.97
5985.73 3.97
6139.09 3.98
6299.05 3.97
6432.76 3.97
6585.79 3.97
6768.96 3.98
6882.66 3.97
7035.2 3.97
7185.11 3.96
7333.1 3.95
7484.61 3.94
7642.07 3.95
7782.39 3.95
7935 3.94
8089.09 3.94
8248.04 3.94
8541.4 3.94
8688.75 3.95
8863.62 3.96
8988.59 3.96
9134.48 3.96
9281.71 3.95
9434.18 3.95
9581.73 3.95
9735.66 3.95
9881.73 3.95
10031.9 3.95
10181.7 3.96
10331.6 3.96
10481.4 3.96
