156.759 5.06
306.938 4.59
458.81 4.34
609.3 4.77
758.811 4.70
906.588 4.75
1058.49 4.92
1206.87 4.90
1357.08 4.84
1507.12 4.72
1656.42 4.85
1807.29 4.86
1957.45 4.90
2107.54 4.80
2259.38 4.83
2407.16 4.87
2557.6 4.89
2708.12 4.90
2857.89 4.93
3009.8 4.91
3157.5 4.96
3306.39 4.91
3459.5 4.91
3606.9 4.91
3756.38 4.91
3906.84 4.89
4056.87 4.89
4207.66 4.87
4356.21 4.89
4509.51 4.87
4656.67 4.87
4808.8 4.84
4958.37 4.85
5108.53 4.84
5256.14 4.83
5407.35 4.81
5559.03 4.82
5707.97 4.84
5856.08 4.87
6008.84 4.89
6159.22 4.88
6307.69 4.88
6456.05 4.88
6609.4 4.86
6758.84 4.89
6906.23 4.90
7058.25 4.90
7205.84 4.91
7357.19 4.90
7507.64 4.87
7663.29 4.88
7806.38 4.91
7955.51 4.96
8105.92 4.94
