399.929 16
557.121 16
712.772 18
851.36 19
995.157 19
1150.53 19
1304.64 19
1457.77 19
1604.85 19
1750.97 19
1905.52 22
2055.64 22
2195.54 22
2345.07 22
2495.61 22
2649.38 25
2804.29 25
2953.32 25
3104.24 25
3256.27 25
3395.99 25
3548.83 28
3705.06 28
3849.4 28
4009.67 28
4146.58 28
4304.94 28
4450.81 28
4592.89 28
4752.47 28
4899.45 31
5047.75 31
5202.99 31
5355.17 31
5501.7 31
5650.16 31
5799.44 34
5959.21 34
6100.74 34
6247.41 34
6392.65 34
6548.37 34
6698.31 34
6842.48 37
6997.59 37
7154.39 37
7301.9 37
7447.95 37
7592.74 37
7745.77 37
7894.87 37
