713.524 32
859.4 32
1059.64 35
1460.87 38
1633.82 38
1823.81 38
1914 38
2099.59 38
2297.07 38
2391.05 38
2567.49 41
2673.31 41
2833.33 41
2987.01 41
3170.79 41
3267.94 41
3638.29 44
3885.11 44
4147.52 44
4369.38 44
4542.07 44
4612.27 47
4797.67 47
5057.57 47
5230.92 47
5447.25 47
5586.58 50
5677.59 50
5812.7 50
5992.05 50
6155.17 50
6303.08 50
6437.8 50
6584.11 50
6707.22 53
6869.79 53
7491.56 56
7788.26 56
7905.89 56
8060.87 56
8347.71 58
8506.3 59
8659.07 59
8853.73 59
8999.06 59
9121.16 59
9308.76 59
9436.84 59
9595.24 61
9754.04 62
9852.86 62
10022.9 62
10194.6 62
10322.3 62
