-99.887 17
156.522 10
303.434 12
453.624 18
604.722 18
753.065 18
902.999 21
1053.04 21
1203.02 21
1353.02 21
1503.12 21
1652.93 21
1803.07 21
1953.03 21
2102.88 24
2252.88 24
2402.6 24
2553.58 24
2702.77 24
2852.56 24
3002.48 27
3153 27
3302.73 27
3452.81 27
3602.64 27
3752.56 27
3903.42 27
4052.77 27
4202.53 30
4352.33 30
4502.36 30
4652.47 30
4802.37 30
4952.49 33
5105.35 33
5255.22 33
5402.34 33
5552.23 33
5702.56 33
5852.68 33
6002.31 33
6152.35 35
6302.15 36
6455.48 36
6604.36 36
6752.11 36
6901.97 36
7052.41 39
7204.72 39
7351.88 39
7502.68 39
7651.95 39
7801.78 39
7952.29 39
