427.65 15
556.852 15
718.268 18
864.817 18
1006.49 18
1162.4 18
1315.96 18
1464.34 18
1618.48 21
1756.18 21
1915.31 21
2060.87 21
2212.93 21
2369.25 21
2512.32 21
2660.7 24
2820.09 24
2960.63 24
3117.18 24
3261.82 24
3409.15 24
3558.49 24
3711.88 24
3861.3 27
4010.52 27
4160.7 27
4309.27 27
4460.93 27
4614.43 27
4762.83 27
4911.51 27
5056.9 30
5212.23 30
5360.13 30
5512.21 30
5665.73 30
5809.85 32
5958.44 33
6111.11 33
6259.68 33
6415.35 33
6561.85 33
6711.67 36
6856.76 36
7008.84 36
7162.28 36
7323.22 36
7471.63 36
7610.85 36
7760.69 36
7905.15 36
