158.18 14
307.721 16
459.471 16
615.544 20
765.735 20
919.902 20
1068.21 23
1209.5 23
1359.6 23
1513.84 23
1658.73 26
1811.05 26
1961.91 26
2116.57 26
2264.37 26
2415.32 26
2563.66 26
2716.12 26
2863.53 29
3027.14 29
3163.64 29
3321.66 29
3467.86 29
3610.72 29
3761.86 32
3915.13 32
4059.44 32
4213.78 32
4359.01 32
4511.71 32
4660.36 32
4812.77 35
4962.56 35
5117.24 35
5258.7 35
5412.23 35
5567.08 35
5713.87 35
5866.12 38
6011.61 38
6167.46 38
6313.12 38
6458.44 38
6613.95 38
6762.23 38
6908.69 41
7065.92 41
7209.65 41
7360.92 41
7512.07 41
7670.24 41
7811.43 41
7956.01 41
8108.03 44
