746.712 36
943.89 36
1044.97 39
1230.86 39
1390.82 41
1485.85 43
1641.27 43
2006.08 43
2088.8 45
2245.33 46
2422.04 46
2576.59 46
2780.43 46
2894.53 46
3041.26 46
3139.25 46
3326.38 46
3459.04 46
3606.96 49
3741.08 49
3926.49 49
4034.91 49
4193.4 49
4371.06 52
4527.31 52
4645.14 52
4792.56 52
4938.91 52
5138.81 52
5290.68 52
5423.56 53
5535.07 55
5720.99 55
5848.53 55
5996.41 55
6142.01 55
6309.15 55
6499.88 55
6589.05 55
6780.82 58
6888.99 58
7071.97 58
7190.57 58
7350.14 58
7492.34 58
7645.3 61
8092.46 61
8248.52 61
8432.69 64
8546.99 64
8704.6 64
8989.69 64
9135.21 64
9282.7 64
9440.65 64
9598.51 67
9779.47 67
9887.66 67
10077.2 67
10182.3 67
10341.2 67
