410.117 16
562.27 16
710.593 19
883.646 19
1008.1 19
1151.23 19
1308.77 19
1461.79 22
1601.21 22
1753.55 22
1904.53 22
2065.97 22
2205.89 22
2356.63 22
2506.03 22
2653.53 25
2812.02 25
2961.5 25
3105.97 25
3252.73 25
3400.37 25
3559.96 25
3709.22 25
3865.75 25
4000.56 28
4161.1 28
4308.07 28
4453.94 28
4608.31 31
4752.93 31
4900.94 31
5050.83 31
5216.17 31
5355.5 31
5514.43 31
5666.27 34
5802.99 34
5955.14 34
6106.96 34
6251.98 34
6410.59 34
6550.71 34
6700.3 37
6864.7 37
7001.41 37
7150.39 37
7306.05 37
7471.66 37
7607.69 37
7752.5 40
7902.07 40
