707.66 0.0
774.484 0.0
837.432 0.0
1147.11 1.0
1302.52 1.0
1447.33 1.0
1593.82 0.9714285714285714
1760.86 0.9743589743589743
1902.72 0.9767441860465116
2063.04 0.9787234042553191
2184.57 0.9803921568627451
2339.37 0.9818181818181818
2496.97 0.9830508474576272
2650.95 0.9841269841269841
2816.66 0.9850746268656716
2973.34 0.9859154929577465
3114.31 0.9866666666666667
3275.18 0.9873417721518988
3479.71 1.0
3586.07 0.9885057471264368
3735.56 0.989010989010989
3883.61 0.9894736842105263
4027.36 0.98989898989899
4178.73 0.9902912621359223
4338.03 0.9906542056074766
