6.882 0.0
158.436 1.0
307.954 1.0
459.683 1.0
616.234 1.0
765.976 1.0
920.139 1.0
1068.68 1.0
1210.46 1.0
1359.73 1.0
1516.67 1.0
1659.59 1.0
1815.05 1.0
1962.13 1.0
2117.05 1.0
2265.96 1.0
2415.92 1.0
2565 1.0
2719.47 1.0
2865.36 1.0
3027.25 1.0
3164.97 1.0
3322.51 1.0
3468.61 1.0
3612.31 1.0
3762.36 1.0
3918.19 1.0
4061.17 1.0
4215.48 1.0
4359.59 1.0
4512.77 1.0
4663.1 1.0
4814.97 1.0
4962.68 1.0
5118.37 1.0
5259.92 1.0
5413.7 1.0
5571.03 1.0
5716.91 1.0
5868.68 1.0
6013.33 1.0
6167.7 1.0
6314.62 1.0
6461.55 1.0
6617.98 1.0
6764.07 1.0
6909.49 1.0
7068.27 1.0
7210.49 1.0
7364.76 1.0
7512.82 1.0
7671.92 1.0
7816.92 1.0
7956.13 1.0
8108.29 1.0
