2.845 0.0
154.723 0.9230769230769231
304.165 0.9411764705882353
454.006 0.9523809523809523
603.893 0.96
753.812 0.9655172413793104
904.142 0.9696969696969697
1054.82 0.972972972972973
1204.03 0.975609756097561
1353.73 0.9777777777777777
1503.57 0.9795918367346939
1653.63 0.9811320754716981
1804.29 0.9824561403508771
1953.71 0.9836065573770492
2103.13 0.9846153846153847
2254.09 0.9855072463768116
2403.6 0.9863013698630136
2553.14 0.987012987012987
2704.34 0.9876543209876543
2853.25 0.9882352941176471
3003.9 0.9887640449438202
3161.43 0.989247311827957
3303.31 0.9896907216494846
3453.61 0.9900990099009901
3603.35 0.9904761904761905
3752.64 0.9908256880733946
3903.17 0.9911504424778761
4052.77 0.9914529914529915
4202.62 0.9917355371900827
4352.53 0.992
