479.628 0.0
746.535 0.9375
785.427 0.95
1002.61 0.9583333333333334
1084.84 0.9642857142857143
1290.29 0.96875
1406.49 0.9722222222222222
1556.24 0.975
1719.13 0.9545454545454546
1833.05 0.9583333333333334
1983.68 0.9615384615384616
2173.28 0.9464285714285714
2287.21 0.95
2583.81 0.9264705882352942
2767.68 0.9305555555555556
2880.26 0.9342105263157895
3033.09 0.9375
3187.12 0.9404761904761905
3347.25 0.9431818181818182
3520.99 0.9347826086956522
3657.6 0.9375
3785.86 0.94
3935.99 0.9423076923076923
4091.81 0.9444444444444444
4230.68 0.9464285714285714
4388.63 0.9482758620689655
4529.78 0.95
4723.04 0.9516129032258065
4834.22 0.953125
5153.58 0.9485294117647058
5315.06 0.9428571428571428
5435.43 0.9444444444444444
5589.98 0.9459459459459459
5760.58 0.9407894736842105
5889.31 0.9423076923076923
6037.71 0.94375
6181.15 0.9451219512195121
6333.66 0.9464285714285714
6482.43 0.9476744186046512
6634.1 0.9488636363636364
6851.45 0.9444444444444444
7111.9 0.9414893617021277
7282.96 0.9427083333333334
7421.93 0.9438775510204082
7579.89 0.945
7686.34 0.946078431372549
7861.77 0.9423076923076923
8001.85 0.9433962264150944
8211.58 0.9398148148148148
8290.22 0.9409090909090909
8461.88 0.9419642857142857
8582.4 0.9429824561403509
8754.86 0.9439655172413793
8896.5 0.9449152542372882
9036.38 0.9458333333333333
9177.8 0.9467213114754098
9330.55 0.9475806451612904
9477.52 0.9484126984126984
9685.27 0.94921875
9825.08 0.95
9937.15 0.9507575757575758
10186.8 0.9477611940298507
10231.8 0.9485294117647058
10387.4 0.9492753623188406
