546.618 0.0
732.448 0.8235294117647058
1080.72 0.8
1196.5 0.7931034482758621
1461.54 0.7567567567567568
1827.41 0.7333333333333333
1916.34 0.7551020408163265
2103.45 0.7547169811320755
2336.88 0.7368421052631579
2391.65 0.7540983606557377
2567.73 0.7692307692307693
2717.6 0.782608695652174
2995.21 0.7922077922077922
3211.04 0.7901234567901234
3538.18 0.7752808988764045
3657.84 0.7634408602150538
3780.35 0.7525773195876289
3888.36 0.7623762376237624
4080.4 0.7523809523809524
4372.3 0.7433628318584071
4574.2 0.7350427350427351
4615.27 0.743801652892562
4807.02 0.744
4981.35 0.7364341085271318
5231.29 0.7445255474452555
5447.36 0.7446808510638298
5587.14 0.7448275862068966
5680.71 0.7516778523489933
5820.65 0.7581699346405228
6155.91 0.7577639751552795
6629.21 0.7572254335260116
6715.82 0.7627118644067796
7115.34 0.7567567567567568
7234.29 0.7513227513227513
7379.59 0.7461139896373057
7499.31 0.7461928934010152
7646.13 0.746268656716418
7908.52 0.7464114832535885
8075.49 0.7511737089201878
8347.94 0.751131221719457
8510.12 0.7555555555555555
8853.95 0.7553648068669528
9000.26 0.759493670886076
9121.5 0.7634854771784232
9309.47 0.763265306122449
9440.36 0.7630522088353414
9600.82 0.766798418972332
9758.92 0.7665369649805448
9854.83 0.7701149425287356
10033.8 0.7735849056603774
10226.1 0.7732342007434945
10331.1 0.7765567765567766
