248.971 0.0
428.117 0.9375
559.64 0.95
718.736 0.9583333333333334
865.287 0.9642857142857143
1008.32 0.96875
1162.88 0.9722222222222222
1316.92 0.975
1467.92 0.9772727272727273
1618.85 0.9791666666666666
1757.16 0.9807692307692307
1915.78 0.9821428571428571
2062.49 0.9833333333333333
2214.25 0.984375
2372.36 0.9852941176470589
2516.23 0.9861111111111112
2660.88 0.9868421052631579
2820.56 0.9875
2961.11 0.9880952380952381
3118.03 0.9886363636363636
3262.29 0.9891304347826086
3409.52 0.9895833333333334
3564.49 0.99
3714.33 0.9903846153846154
3862.03 0.9907407407407407
4011.99 0.9910714285714286
4161.32 0.9913793103448276
4312.72 0.9916666666666667
4463.04 0.9919354838709677
4617.46 0.9921875
4763.55 0.9924242424242424
4912.63 0.9926470588235294
5057.78 0.9928571428571429
5212.84 0.9930555555555556
5365.94 0.9932432432432432
5514.9 0.993421052631579
5667.84 0.9935897435897436
5810.43 0.99375
5961.51 0.9939024390243902
6113.06 0.9940476190476191
6261.03 0.9941860465116279
6418.8 0.9943181818181818
6562.32 0.9944444444444445
6712.14 0.9945652173913043
6858.81 0.9946808510638298
7011.4 0.9947916666666666
7163.86 0.9948979591836735
7324.05 0.995
7481.63 0.9950980392156863
7619.2 0.9951923076923077
7761.79 0.9952830188679245
7906.86 0.9953703703703703
