893.985 0.0
1219.75 0.8695652173913043
1272.13 0.8518518518518519
1633.18 0.8
2048.02 0.7659574468085106
2462 0.7457627118644068
2614.73 0.746031746031746
2799.43 0.746268656716418
2933.35 0.7464788732394366
3098.97 0.7466666666666667
3264.49 0.7341772151898734
3352.95 0.7469879518072289
3542.12 0.7471264367816092
3657.69 0.7472527472527473
3980.27 0.7373737373737373
4080.74 0.7475728155339806
4279.91 0.7476635514018691
4404.29 0.7477477477477478
4606.77 0.7391304347826086
4700.16 0.7394957983193278
4864.11 0.7398373983739838
5302.02 0.7407407407407407
5428.43 0.7482014388489209
5654.73 0.7482517482517482
5731.59 0.7551020408163265
6059.78 0.7483870967741936
6219.83 0.7484276729559748
6517.28 0.7544910179640718
6940.47 0.7541899441340782
7069.66 0.7595628415300546
7389.4 0.7591623036649214
7580.37 0.7589743589743589
7855.98 0.7536945812807881
8005.35 0.7536231884057971
8110.75 0.7582938388625592
8476.9 0.7488584474885844
8885.85 0.7445887445887446
9093.6 0.7489361702127659
9206.08 0.7489539748953975
9421.68 0.7530864197530864
