247.393 0.0
412.135 1.0
563.701 1.0
712.03 1.0
885.363 1.0
1008.83 1.0
1152.93 1.0
1310.86 1.0
1464.24 1.0
1603.89 1.0
1754.84 1.0
1905.14 1.0
2066.48 1.0
2219.51 1.0
2358.94 1.0
2508.2 1.0
2658.57 1.0
2816.09 1.0
2962.61 1.0
3111.46 1.0
3253.45 1.0
3403.19 1.0
3565.64 1.0
3715.8 1.0
3866.24 1.0
4006.75 1.0
4161.96 1.0
4316.47 1.0
4456.8 1.0
4611.37 1.0
4755.73 1.0
4904.8 1.0
5054.95 1.0
5216.66 1.0
5359.69 1.0
5516.39 1.0
5669.48 1.0
5806.9 1.0
5956.47 1.0
6113.32 1.0
6254.02 1.0
6413.9 1.0
6560.24 1.0
6702.96 1.0
6866.57 1.0
7003.35 1.0
7163.49 1.0
7306.89 1.0
7473.25 1.0
7608.54 1.0
7755.42 1.0
7907.95 1.0
