153.702 0.9166666666666666
303.088 0.9375
453.989 0.95
602.799 0.9583333333333334
752.723 0.9642857142857143
902.881 0.96875
1053.58 0.9722222222222222
1202.16 0.975
1352.72 0.9772727272727273
1505.34 0.9791666666666666
1652.46 0.9807692307692307
1801.85 0.9821428571428571
1954.24 0.9833333333333333
2111.81 0.984375
2251.72 0.9852941176470589
2410.61 0.9861111111111112
2561.55 0.9868421052631579
2703.89 0.9875
2851.56 0.9880952380952381
3002.58 0.9886363636363636
3151.48 0.9891304347826086
3302.16 0.9895833333333334
3452.59 0.99
3601.75 0.9903846153846154
3753.31 0.9907407407407407
3903.09 0.9910714285714286
4052.15 0.9913793103448276
4201.6 0.9916666666666667
4351.28 0.9919354838709677
4501.66 0.9921875
