481.104 0.6
631.235 0.631578947368421
778.652 0.6521739130434783
931.876 0.6666666666666666
1084.42 0.6774193548387096
1230.95 0.6857142857142857
1429.11 0.6923076923076923
1638.83 0.6744186046511628
1807.85 0.6808510638297872
2004.84 0.6666666666666666
2570.96 0.6119402985074627
2694.61 0.6056338028169014
2809.16 0.6133333333333333
2924.73 0.620253164556962
3056.65 0.6265060240963856
3189.1 0.632183908045977
3339.86 0.6373626373626373
3490.23 0.6421052631578947
3633.28 0.6464646464646465
3778.52 0.6504854368932039
3934.69 0.6542056074766355
4089.18 0.6576576576576577
4228.86 0.6608695652173913
4377.48 0.6638655462184874
4532.49 0.6666666666666666
4680.99 0.6692913385826772
4837.86 0.6717557251908397
